223
234
200
158
191
205
198
121
190
209
207
184
235
239
243
245
175
237
98
188
446
565
74
275
118
94
233
196
172
49
339
319
325
383
560
503
357
395
274
186
375
48
311
351
324
5
277
260
268
284
269
281
307
382
568
310
431
381
571
327
331
399
291
384
360
448
424
401
409
444
411
547
450
406
443
410
581
496
584
337
529
403
380
522
330
387
362
354
487
404
533
396
425
470
318
400
338
518
346
341
441
445
438
439
368
500
537
393
462
449
415
523
167
160
163
83
173
222
238
136
105
168
151
155
211
159
133
110
103
111
88
169
112
134
122
165
156
428
374
43
287
436
530
21
420
20
531
394
391
79
451
350
36
13
572
292
408
12
429
47
359
342
486
442
574
92
87
241
152
123
90
100
113
398
517
369
32
372
10
511
493
514
525
312
432
402
535
373
344
464
562
286
343
329
273
549
283
290
309
2
559
282
435
551
321
386
564
27
526
280
108
259
187
566
28
552
482
474
481
555
427
498
491
546
460
299
421
576
476
579
582
528
332
558
475
516
455
447
467
298
541
506
392
423
345
366
313
