152
167
165
162
161
160
159
157
158
228
233
231
137
147
317
126
122
318
311
310
309
308
307
306
305
304
303
302
295
294
293
292
283
282
280
279
278
277
276
275
274
273
272
271
270
269
198
164
120
109
108
107
106
105
104
103
102
101
100
99
98
97
96
95
94
93
92
91
90
89
88
87
86
85
84
83
82
81
80
79
78
77
76
75
74
73
72
71
70
69
68
67
66
65
64
63
62
61
60
59
58
57
56
55
54
53
52
51
50
49
48
47
46
45
44
43
42
41
40
39
38
37
36
35
34
33
32
31
30
29
28
27
26
25
10
8
7
6
5
4
3
2
0
1
224
223
222
221
220
219
218
197
196
195
194
193
192
191
189
190
281
284
913
898
865
917
916
915
914
912
911
910
909
907
906
905
904
903
902
901
900
899
897
896
895
894
893
892
891
890
889
888
887
886
885
884
883
882
881
880
879
878
877
876
875
874
873
871
870
869
868
867
866
864
863
862
861
860
859
858
857
856
855
854
853
852
851
850
849
848
847
846
845
844
843
840
839
838
837
836
835
834
833
832
831
830
829
828
827
826
825
824
823
822
821
820
819
818
817
816
815
814
813
812
810
811
352
331
330
347
338
344
377
370
360
356
374
373
369
368
367
366
365
364
363
362
361
359
358
353
357
405
402
403
389
384
382
383
400
394
431
419
418
413
417
430
429
420
415
414
408
409
428
427
426
425
424
423
422
421
412
411
407
410
535
533
534
505
506
510
509
507
508
565
564
563
562
561
559
558
543
542
541
540
538
539
567
566
557
556
554
555
544
569
568
553
552
551
550
549
548
547
546
545
536
537
438
437
435
436
480
491
487
494
503
502
501
500
499
496
495
489
488
485
484
483
481
482
532
531
530
529
528
527
526
525
524
523
522
521
520
519
518
517
516
515
514
513
511
512
478
477
476
475
474
473
472
471
470
469
468
467
466
465
464
463
462
461
460
459
458
457
456
455
454
453
452
451
450
449
448
447
445
446
