Label  Volume(voxels)SurfArea(mm^2) Eccentricity   Elongation     Orientation    Centroid                      Axes Length                   Bounding Box                  
1      60354     1.62434        -0.61175       -0.5281        -1.0729        [0.86540, -2.3015, 1.74481]   [-0.7612, 0.31903, -0.249]    [90, 147, 154, 196, 42, 131]  
2      9962      1.46210        -2.06014       -0.3224        -0.3840        [1.13376, -1.0998, -0.1724]   [-0.877, 0.04221, 0.58281]    [116, 135, 92, 150, 52, 90]   
3      28234     -1.1006        1.144723       0.90159        0.50249        [0.90085, -0.6837, -0.1228]   [-0.9357, -0.267, 0.53035]    [90, 120, 107, 178, 88, 158]  
4      27865     -0.6916        -0.39675       -0.687         -0.845         [-0.6712, -0.0126, -1.1173]   [0.23441, 1.65980, 0.74204]   [113, 147, 112, 158, 89, 141] 
5      6443      -0.1918        -0.88762       -0.7471        1.692454       [0.05080, -0.636, 0.19091]    [2.10025, 0.12015, 0.61720]   [121, 151, 140, 158, 64, 98]  
6      7003      0.30017        -0.35224       -1.1425        -0.34934       [-0.2088, 0.58662, 0.83]      [0.93110, 0.28558, 0.88514]   [123, 151, 121, 142, 68, 102] 
7      41351     -0.7543        1.252868       0.51292        -0.29809       [0.4885, -0.0755, 1.13162]    [1.51981, 2.18557, -1.3964]   [90, 156, 82, 131, 70, 162]   
8      18429     -1.4441        -0.50446       0.16003        0.87616        [0.3156, -2.0222, -0.3062]    [0.82797, 0.23009, 0.76201]   [105, 153, 125, 152, 24, 71]  
9      2431      -0.2223        -0.2007        0.18656        0.41005        [0.1982, 0.11900, -0.6706]    [0.37756, 0.12182, 1.12948]   [137, 155, 109, 127, 50, 76]  
10     3149      1.19891        0.185156       -0.3752        -0.6387        [0.42349, 0.07734, -0.3438]   [0.04359, -0.6200, 0.6980]    [138, 160, 77, 108, 64, 86]   
11     3508      -0.4471        1.224507       0.40349        0.59357        [-1.0949, 0.16938, 0.74055]   [-0.9537, -0.266, 0.03261]    [137, 158, 110, 128, 37, 65]  
12     10171     -1.3731        0.315159       0.84616        -0.8595        [0.35054, -1.3122, -0.0386]   [-1.6157, 1.12141, 0.40890]   [135, 161, 76, 114, 43, 75]   
13     6640      -0.0246        -0.77516       1.27375        1.967101       [-1.857, 1.23616, 1.62765]    [0.33801, -1.199, 0.86334]    [131, 158, 57, 78, 56, 84]    
14     2186      -0.1809        -0.60392       -1.2300        0.55053        [0.79280, -0.6235, 0.5205]    [-1.1443, 0.80186, 0.04656]   [129, 151, 113, 128, 26, 46]  
15     7544      -0.1865        -0.10174       0.86888        0.75041        [0.52946, 0.13770, 0.07782]   [0.61838, 0.2324, 0.68255]    [131, 156, 78, 117, 35, 58]   
16     5304      -0.3101        -2.43483       1.03882        2.186979       [0.44136, -0.1001, -0.136]    [-0.1190, 0.01740, -1.1220]   [128, 155, 59, 83, 43, 68]    
17     33631     -0.517         -0.99702       0.24879        -0.29664       [0.49521, -0.1747, 0.98633]   [0.21353, 2.19069, -1.8963]   [90, 158, 69, 117, 81, 159]   
18     10904     -0.6469        0.901486       2.52832        -0.24863       [0.04366, -0.2263, 1.3314]    [-0.2873, 0.6800, -0.3198]    [97, 135, 61, 81, 106, 147]   
19     7236      -1.2725        0.313547       0.50318        1.293225       [-0.1104, -0.6173, 0.56276]   [0.24073, 0.28066, -0.073]    [124, 158, 77, 97, 88, 125]   
20     7824      1.16033        0.369492       1.90465        1.111056698    [0.65904, -1.6274, 0.60231]   [0.42028, 0.81095, 1.04444]   [119, 156, 66, 80, 78, 126]   
21     6669      -0.4008        0.824005       -0.5623        1.95487        [-1.3319, -1.760, -1.6507]    [-0.8905, -1.1191, 1.95607]   [122, 153, 58, 71, 81, 124]   
22     31672     -0.3264        -1.34267       1.11438        -0.586         [-1.2368, 0.87583, 0.62336]   [-0.4349, 1.40754, 0.12910]   [94, 148, 33, 64, 76, 142]    
23     14654     1.61694        0.502740       1.55880        0.109402       [-1.2197, 2.44936, -0.5457]   [-0.1988, -0.7003, -0.2033]   [113, 149, 33, 62, 51, 86]    
24     4548      0.24266        0.201830       0.66102        1.79215        [-0.1204, -1.2331, -1.1823]   [-0.6657, -1.6741, 0.825]     [88, 111, 36, 62, 66, 89]     
25     3656      -0.4982        -0.31098       -0.0018        -1.3966        [-0.8613, 0.67471, 0.61853]   [-0.4431, 1.81053, -1.305]    [90, 104, 154, 177, 41, 68]   
26     7774      -0.3449        -0.23083       -2.793         1.93752        [0.36633, -1.0445, 2.05117]   [0.58566, 0.42952, -0.606]    [90, 102, 105, 131, 111, 156] 
27     3945      0.1062         -1.52568       0.79502        -0.3744        [0.13404, 1.20205, 0.28474]   [0.26246, 0.27649, -0.7332]   [88, 103, 133, 156, 46, 72]   
28     11982     0.83600        1.543359       0.75880        0.88490        [-0.8772, -0.8677, -1.4408]   [1.23225, -0.2541, 1.39984]   [89, 106, 127, 179, 58, 130]  
29     9696      -0.7819        -0.43750       0.09542        0.92145        [0.06075, 0.21112, 0.01652]   [0.17718, -1.116, 0.08092]    [88, 104, 103, 168, 63, 119]  
30     7551      -0.186         -0.05682       0.49233        -0.6806        [-0.0845, -0.2973, 0.41730]   [0.78477, -0.9554, 0.58591]   [88, 106, 66, 105, 69, 119]   
31     18837     2.06578        -1.47115       -0.8301        -0.8805        [-0.2790, 1.62284, 0.01335]   [-0.6946, 0.621, -0.5998]     [88, 110, 39, 83, 74, 144]    
32     4051      1.12341        0.305267       1.38877        -0.6613        [3.03085, 0.82458, 0.65458]   [-0.0511, -0.7255, -0.8677]   [89, 109, 33, 54, 84, 114]    
33     12229     -0.1359        -0.79726       0.28267        -0.8260        [0.62108, 0.95612, -0.705]    [1.19268, -0.2379, 1.1552]    [98, 144, 133, 160, 43, 75]   
34     4092      0.43816        1.122328       -0.9970        -0.1067        [1.45142, -0.6180, -2.0372]   [-1.94, -2.5064, -2.114]      [99, 125, 102, 130, 32, 56]   
35     2734      -0.4116        1.278528       -0.4422        0.323527       [-0.1099, 0.00854, -0.1681]   [-0.1741, 0.46116, -1.175]    [100, 124, 82, 104, 48, 71]   
36     10913     1.01012        0.920017       -0.1950        0.80539        [-0.7013, -0.5372, 0.15626]   [-0.1902, -0.4487, -0.6724]   [88, 121, 36, 84, 51, 82]     
37     1987      -0.5574        0.939168       -1.943         0.35249        [-0.2364, 0.72781, 0.51507]   [-2.7825, 0.58464, 0.32427]   [111, 130, 116, 129, 25, 47]  
38     5660      0.0218         -0.46867       0.85328        -0.41          [1.83471, 0.56438, 2.13782]   [-0.7855, -1.7559, 0.71478]   [111, 136, 79, 119, 34, 63]   
39     4618      0.85270        0.035360       -1.5387        -0.4478        [0.61798, -0.1841, -0.1159]   [-0.1754, -0.933, -0.5330]    [107, 136, 60, 81, 47, 66]    
40     6662      -1.4265        1.767959       -0.4753        0.477610       [-1.0218, 0.79452, -1.8731]   [0.92061, -0.0353, 2.11060]   [98, 134, 36, 62, 48, 67]     
41     2784      -1.3065        0.076380       0.36723        1.23289        [-0.422, 0.08646, -2.1424]    [-0.8301, 0.45161, 1.10417]   [119, 140, 129, 150, 65, 86]  
42     8019      -0.281         2.056355       1.76024        -0.0606        [-2.413, -1.7775, -0.777]     [1.11584, 0.31027, -2.0942]   [122, 154, 96, 131, 66, 92]   
43     4239      -0.2287        1.613361       -0.3748        -0.7499        [2.05462, 0.05340, -0.4791]   [0.35016, 0.01716, -0.4291]   [121, 155, 78, 97, 81, 98]    
44     2854      1.20845        1.115701       0.84086        -0.1028        [1.14690, -0.0497, 0.46664]   [1.03368, 0.80884, 1.78975]   [127, 151, 96, 128, 49, 76]   
45     2316      0.45128        -1.68405       -1.1601        1.350106       [-0.3312, 0.38653, -0.8514]   [1.00088, -0.384, 1.45810]    [123, 148, 91, 112, 70, 86]   
46     4301      -0.5322        1.118133       0.67439        -0.7223        [1.09899, -0.9016, -0.8224]   [0.72171, -0.6253, -0.593]    [122, 157, 76, 112, 72, 90]   
47     767       -0.3439        -1.0001        1.04499        0.608514       [-0.0693, -0.1083, 0.4501]    [1.76533, 0.87096, -0.5084]   [88, 109, 35, 60, 76, 92]     
48     19003     0.77741        -0.11877       -0.1989        1.866471       [-0.4189, -0.4791, -1.9521]   [-1.4023, 0.45112, -0.6949]   [88, 128, 19, 37, 49, 111]    
49     66174     0.51541        -1.11487       -0.7673        0.67457        [1.46089, 0.59247, 1.1978]    [1.70459, 1.04008, -0.9184]   [34, 93, 154, 198, 44, 135]   
50     9913      -0.1053        0.630195       -0.4148        0.45194        [-1.5791, -0.8286, 0.52887]   [-2.2370, -1.1077, -0.0177]   [42, 63, 97, 150, 51, 90]     
51     28303     -1.7193        0.057120       -0.799         -0.2915        [-0.2589, 0.18929, -0.5637]   [0.08968, -0.6011, 0.55607]   [59, 92, 107, 179, 89, 158]   
52     28288     1.69380        0.196869       0.16986        -1.1640        [0.69336, -0.7580, -0.808]    [0.55743, 0.18103, 1.10717]   [32, 68, 115, 158, 89, 141]   
53     4900      1.44287        -0.53968       0.12837        1.760415       [0.96653, 0.71304, 1.30620]   [-0.6046, 0.6365, 1.40925]    [30, 54, 141, 157, 65, 99]    
54     6261      1.62091        -0.80618       -0.2516        0.38271        [-0.2889, -0.3918, 0.6840]    [-0.3534, -1.7879, 0.36184]   [29, 56, 125, 145, 69, 104]   
55     39734     -0.4244        -0.73153       -1.5657        1.01382        [-2.2271, -1.6993, -0.2758]   [1.22895, 1.30970, -1.1549]   [24, 90, 85, 134, 73, 159]    
56     17054     -0.1776        -1.51045       1.01120        -1.4765626     [-0.1431, 1.03298, -0.2224]   [1.4701, -0.8700, 0.36919]    [28, 74, 128, 152, 25, 72]    
57     2187      0.85328        -0.13971       1.38631        0.548129       [-1.6374, 3.95860, 0.64864]   [0.10734, -1.3988, 0.08176]   [23, 41, 114, 129, 49, 74]    
58     2825      -0.4599        0.644353       0.3716         1.853009       [0.14225, 0.51350, 0.3724]    [-0.1484, -0.1834, 1.10100]   [20, 45, 88, 113, 58, 86]     
59     2959      0.78002        -0.62944       -1.1134        -0.06741       [1.16143, -0.0275, 1.74643]   [-0.7750, 0.1416, -2.5163]    [22, 43, 114, 129, 36, 63]    
60     9144      -0.5956        -0.30912       0.51093        1.71066        [0.03494, 1.45391, 0.66168]   [0.98635, -0.4661, 1.3849]    [18, 46, 84, 116, 42, 75]     
61     7615      -1.0729        0.495158       -0.9520        -0.5181        [-1.4614, -0.5163, 0.35111]   [-0.0687, -1.3477, 1.4707]    [21, 50, 64, 87, 59, 87]      
62     1970      0.33722        1.008065       0.78522        -0.66486       [-1.9450, -0.9154, 1.22515]   [-1.05, 0.8160, -0.6124]      [31, 52, 115, 129, 25, 42]    
63     6327      0.39310        -1.82391       1.16707        -0.03          [0.88582, 0.18986, 0.79806]   [-0.1019, 0.74335, -1.5095]   [23, 47, 85, 117, 31, 59]     
64     5397      -1.0807        0.725474       -0.0391        -0.2287        [-0.1796, 0.50172, -0.5933]   [0.51030, -0.9157, -0.4072]   [24, 48, 63, 86, 44, 69]      
65     26870     0.98495        1.071252       -1.0971        0.83863        [-1.0391, 0.73302, -1.898]    [-1.1171, -0.5089, -0.1664]   [22, 90, 72, 118, 80, 157]    
66     10164     1.42361        0.903999       1.57546        1.20660        [-0.282, -0.2663, 1.0689]     [0.04037, -0.1569, -1.335]    [46, 84, 64, 87, 108, 146]    
67     6259      -0.1064        -2.79099       -0.4561        -0.9798        [0.69257, -0.4786, -0.3290]   [1.34710, -1.0490, 0.31665]   [22, 52, 87, 104, 90, 126]    
68     8212      -1.8952        0.089729       0.41026        0.85987        [-0.8986, 0.31965, 0.31815]   [-0.0192, 0.15001, 0.46353]   [21, 57, 77, 89, 77, 128]     
69     9554      0.39788        -0.99601       -1.1958        2.50598        [1.91979, -1.3916, 0.45021]   [0.6274, 0.7513, 0.14039]     [24, 57, 64, 80, 83, 127]     
70     32182     -0.9268        -0.18242       -0.4911        0.134373       [-0.2683, -0.1316, 1.01855]   [1.23055, -1.1811, -0.4599]   [30, 83, 38, 69, 80, 142]     
71     15100     -0.7907        1.223722       -0.0593        1.44898        [-0.4775, 0.02599, -1.3486]   [1.30253, -0.3626, -1.4851]   [30, 64, 36, 67, 52, 88]      
72     5652      -0.5924        -2.30490       -0.0318        0.11248        [0.28807, 1.49810, -0.3009]   [0.8074, 0.31223, -0.1933]    [62, 88, 37, 71, 69, 90]      
73     3372      -2.0768        0.947501       -0.5039        0.01795        [-1.2704, 0.28299, 0.1080]    [0.02941, -0.1347, 1.04921]   [78, 90, 154, 176, 42, 69]    
74     7587      0.9662         0.725916       3.32107        -0.60022       [-0.3795, -1.0148, 0.43598]   [-0.6874, -2.6983, -1.2133]   [77, 90, 106, 132, 114, 156]  
75     3115      0.07225        1.009787       -1.5569        -0.612         [-0.1393, -0.7285, 0.53116]   [0.00400, 0.32126, -0.7252]   [76, 90, 134, 156, 47, 71]    
76     11711     1.53653        -0.00037       1.29354        -0.4389        [0.59003, -0.6793, -0.9509]   [-0.7043, -0.0458, -0.2187]   [75, 92, 127, 179, 59, 130]   
77     10893     1.53920        -1.14870       -1.0903        1.7001         [0.60878, -1.8814, 0.49726]   [0.23733, -2.1444, -0.3695]   [76, 91, 105, 168, 63, 120]   
78     7995      -0.0174        0.731402       0.95449        0.09574        [1.03345, -0.1462, -0.8574]   [-0.9341, 0.54264, -1.9581]   [66, 89, 70, 107, 70, 120]    
79     20052     0.67780        -1.10657       -0.359         0.50538        [1.2179, -1.9406, -0.8061]    [0.04906, -0.5960, 0.86162]   [61, 90, 41, 86, 77, 147]     
80     5214      -2.0863        0.361801       0.42592        0.04908        [1.10223, -1.2295, 1.1086]    [-0.7029, 0.72555, -0.324]    [67, 89, 33, 62, 85, 117]     
81     10123     0.81434        0.780469       -1.4640        -0.1544        [-0.092, -0.2378, -0.7556]    [1.85143, 0.20909, 1.55501]   [39, 82, 132, 158, 44, 75]    
82     4984      -0.5691        -1.0617        0.13224        -0.5632        [2.3901, 0.24542, 1.15259]    [-0.2242, -0.326, -0.0309]    [53, 81, 102, 131, 32, 56]    
83     2194      0.35571        0.849586       -0.1221        -0.6808        [-1.0678, -0.0766, 0.57296]   [0.45794, -0.017, -0.6001]    [54, 76, 87, 103, 49, 71]     
84     13109     4115           0.146765       0.57180        -0.0368        [0.11236, -0.1505, 0.91549]   [-0.4382, 0.18553, 0.39442]   [55, 88, 36, 89, 53, 82]      
85     2064      0.72552        1.495884       0.67545        0.599213       [-1.4702, 0.60640, 2.29371]   [-0.8300, -1.0195, -0.2146]   [48, 70, 117, 129, 23, 43]    
86     4519      1.02124        0.524750       -0.4771        -0.0359        [1.03703, 0.67261, 2.42887]   [1.00568, 0.35356, 0.61472]   [44, 66, 85, 118, 31, 63]     
87     5310      -0.3489        -0.97777       0.17195        0.4905610      [-1.3952, -0.5223, -0.369]    [0.26564, -0.2604, 0.44509]   [40, 67, 65, 86, 47, 69]      
88     6601      0.09811        1.060327       -1.7111        1.65712        [1.41767, 0.05031, 0.65032]   [0.60654, -0.737, 0.16466]    [44, 77, 37, 67, 51, 71]      
89     2277      0.77817        0.309816       1.05132        0.09499        [0.08075, -0.7678, -0.3645]   [-0.459, 1.70548, 0.24050]    [39, 60, 131, 149, 65, 87]    
90     6448      -0.9994        0.398598       -0.192         -3.0537        [0.47985, -1.5526, 0.57846]   [-0.9612, -1.458, 0.49434]    [24, 56, 102, 133, 67, 92]    
91     3332      -1.4941        -0.44669       0.20437        0.6122325      [0.74488, -0.0362, -0.8323]   [1.92381, -0.6059, 1.80358]   [26, 57, 87, 103, 83, 103]    
92     2986      -0.4525        1.161285       1.06996        -1.0455        [0.35528, 0.75539, 0.70098]   [-0.1989, 0.30196, -0.3946]   [28, 51, 99, 130, 49, 75]     
93     1642      -1.1718        0.984012       -0.5596        1.37975        [0.60245, -0.892, -0.1611]    [-0.2863, -0.8708, 0.50142]   [32, 54, 96, 116, 68, 87]     
94     2769      1667           -0.47861       1.63169        0.8608         [-0.8801, -0.0190, -0.2267]   [-1.5645, 0.93125, 0.94980]   [24, 57, 87, 116, 72, 95]     
95     1298      0.92550        -0.45698       1.06898        -0.2097        [0.93514, 1.81252, 0.14010]   [-1.4191, -0.3169, 0.64098]   [64, 89, 36, 70, 75, 93]      
96     19100     1.21987        -1.13379       -0.1905        0.233339       [0.43499, 0.91042, -0.9484]   [-0.4234, 1.00796, 0.3923]    [48, 89, 21, 40, 52, 114]     
97     182350    0.44838        1.125323       0.10405        0.52800        [-0.3145, -1.3450, -1.2952]   [0.07432, -0.1995, -0.6546]   [87, 150, 31, 184, 36, 154]   
98     12695     0.31801        -0.89027       0.11133        -0.0195        [-0.8399, -2.2982, 1.45652]   [0.3166, -2.6641, -0.4264]    [88, 122, 60, 154, 68, 100]   
99     9184      0.3937         -0.22814       0.58033        -0.973         [0.17516, -0.053, -0.1830]    [-0.2210, 0.19975, 0.93272]   [88, 112, 86, 124, 68, 90]    
100    4996      -0.5301        -0.40724       0.16056        -0.1201        [0.38560, 0.71829, 1.29118]   [-0.1164, -2.2772, -0.0696]   [94, 110, 98, 150, 64, 97]    
101    5547      0.35387        -0.18695       -0.1532        -2.4325        [0.5079, -0.3240, -1.5110]    [-0.8714, -0.8648, 0.60874]   [102, 121, 101, 143, 59, 85]  
102    1722      0.56163        1.514750       0.64792        -1.3516        [-1.4092, 1.13072, 1.56668]   [-0.2377, 0.55880, -1.5048]   [100, 117, 104, 130, 66, 79]  
103    43634     -1.9439        -1.17402       -0.3571        -0.5213        [-0.2301, -0.4910, 0.67930]   [1.42754, 0.03619, 2.02999]   [65, 111, 75, 117, 3, 74]     
104    4934      -0.6344        -0.52510       0.38773        -0.3547        [1.17705, -0.6411, 1.32269]   [0.19417, 2.56545, -0.4641]   [97, 125, 79, 123, 45, 78]    
105    2394      -0.2026        0.145651       -2.1810        0.602265       [0.48084, 0.10931, -1.5443]   [-1.5465, 0.58661, 1.17517]   [101, 121, 109, 128, 45, 64]  
106    674       1.59446        -0.89544       -1.0307        -0.2719        [-1.9757, -0.5889, 0.85178]   [1.63460, 0.27915, 1.64055]   [94, 105, 129, 143, 59, 68]   
107    168871    48180          0.410872       0.19136        -0.1714        [0.18693, -0.2548, -0.1409]   [-0.6618, 0.25903, 0.01444]   [27, 89, 35, 186, 36, 151]    
108    9671      -1.4795        -0.24070       -0.8556        -2.0482        [0.48388, 1.55868, 2.36973]   [1.56241, -0.870, 1.17524]    [56, 89, 73, 154, 69, 100]    
109    8862      1.11989        -1.98782       0.86128        0.62717        [0.16280, 0.28861, 0.05830]   [1.63193, -0.4017, -0.1999]   [65, 89, 89, 125, 68, 91]     
110    4950      0.00738        0.275664       -1.763         1.38797        [0.22619, 0.56912, 0.19731]   [-0.1864, -0.3552, 0.09611]   [69, 83, 100, 150, 65, 98]    
111    5515      0.1520         1.155261       0.34605        -0.1334        [1.98656, -1.2794, -1.3402]   [0.35460, -0.2123, -1.774]    [56, 77, 103, 144, 59, 85]    
112    1815      -0.3122        -0.71065       1.13112        -0.6212        [1.05061, 0.45978, -0.2063]   [0.02117, 0.42865, -2.3080]   [61, 77, 108, 132, 65, 79]    
113    4979      0.32706        -0.37911       1.79791        -0.691         [1.14256, -2.5149, 0.81462]   [0.27610, -0.2470, -0.1208]   [51, 79, 85, 122, 44, 81]     
114    2729      -0.2605        0.423003       -0.1342        -1.7877        [-0.1858, 2.23472, 0.0468]    [0.29078, -0.438, 0.17405]    [57, 79, 110, 129, 44, 63]    
115    556       0.17794        -0.26120       0.86326        -0.9230        [-0.1301, 0.50505, -0.2670]   [-1.2238, 0.55826, -0.9821]   [74, 83, 130, 145, 59, 69]    
Label  Volume(voxels)SurfArea(mm^2) Eccentricity   Elongation     Orientation    Centroid                      Axes Length                   Bounding Box                  
1      56368     -0.4473        -0.82814       -0.1107        -0.4293        [-0.4745, 0.68097, 1.76260]   [-0.3575, 0.52265, -0.3554]   [89, 147, 155, 196, 47, 131]  
2      10429     0.09894        1.127751       0.05029        -0.8155        [-0.7299, -0.6167, -0.0133]   [0.85801, -1.3587, -1.0372]   [119, 140, 94, 149, 55, 94]   
3      19992     -0.9245        -1.74940       1.32592        -0.0363        [1.9007, -1.4243, 1.29418]    [-0.7016, -0.4073, -0.9889]   [91, 120, 109, 179, 92, 156]  
4      19930     -0.949         -1.32374       0.21633        -1.3142        [-0.2418, -0.0092, 0.66661]   [0.1003, 0.32132, 0.5144]     [115, 145, 115, 159, 93, 142] 
5      4923      -0.0172        0.363347       -0.9797        -0.77547       [1.89751, -0.0117, -0.7105]   [1.37987, -0.156, -0.646]     [124, 148, 139, 159, 69, 102] 
6      5691      -1.4489        0.77949        -1.086         -0.53903       [0.64409, 0.18363, -0.0864]   [-0.2139, 1.14592, 2.23027]   [127, 150, 123, 143, 70, 107] 
7      30520     -0.548         0.568904       1.9288         1.079057       [-0.6868, -0.4306, -0.5979]   [-0.9134, -0.6239, 0.26187]   [90, 155, 84, 131, 72, 157]   
8      19143     -0.5870        0.876199       0.12325        -0.397         [0.88608, 0.31897, 0.26486]   [1.04003, 0.57326, -0.1088]   [106, 154, 124, 150, 25, 72]  
9      1998      0.93755        0.309317       2.91730        1.09868        [1.15321, 1.29099, 0.07983]   [1.31289, 0.02335, -0.8311]   [140, 156, 109, 125, 51, 77]  
10     2851      -0.5639        0.527950       -1.561         0.20835        [-0.7283, 0.71821, -0.7461]   [1.87230, 0.76781, -1.2688]   [141, 160, 80, 108, 66, 90]   
11     3042      1.75875        -0.22725       -0.7274        -1.0237        [0.56776, 1.50452, -0.5784]   [-0.9976, -1.1397, 1.49640]   [139, 159, 110, 125, 37, 66]  
12     10047     1.67072        -0.3484        0.53770        -0.0029        [-0.0606, 0.96402, 0.44095]   [0.32948, -0.2925, 0.81560]   [138, 162, 77, 113, 43, 77]   
13     6462      -0.2820        0.049922       0.21947        -1.20115       [-0.2990, -0.3126, 0.1012]    [-1.1118, -1.1865, 1.62346]   [132, 158, 59, 79, 57, 88]    
14     2518      1.15644        0.889039       1.82481        0.41959        [-0.0910, 0.48217, -1.8792]   [-1.0980, 0.75863, 0.03261]   [132, 152, 111, 127, 24, 46]  
15     7844      -1.2776        0.65853        0.99890        0.66787        [-0.0302, -0.8360, 0.10759]   [0.42692, -0.3585, 0.60303]   [132, 159, 78, 115, 33, 59]   
16     5129      0.31443        0.333114       -2.0325        1.081092       [1.72439, -0.4024, -1.476]    [0.63892, -0.4656, -0.9670]   [128, 155, 59, 80, 42, 69]    
17     23309     1.2177         -1.38337       0.71742        -1.24773       [1.46226, 0.51655, -0.2573]   [0.14936, 0.5820, 0.8298]     [90, 157, 74, 117, 83, 154]   
18     8203      0.8277         0.546730       -0.4773        0.664079       [-1.3113, 1.00409, 0.87300]   [1.39408, -0.588, 0.186]      [98, 135, 64, 83, 114, 147]   
19     6039      0.85828        0.317857       -0.4266        0.307331       [0.068, 0.99570, -0.6284]     [0.33948, 0.29293, 0.7573]    [126, 157, 80, 100, 91, 130]  
20     7009      -0.0728        0.127314       -0.0709        0.03406        [0.00835, -0.3267, 2.82729]   [-0.843, -1.1734, -0.7956]    [122, 155, 70, 83, 80, 132]   
21     6304      -0.7100        0.011436       1.43093        1.68838        [0.23732, -2.4982, 0.38435]   [-1.3106, -0.5007, -1.1497]   [124, 153, 60, 73, 84, 131]   
22     30080     0.42562        -0.62660       0.77211        0.47730        [-0.2400, 0.08056, 0.91741]   [-0.3721, 0.91561, -0.0193]   [94, 147, 35, 68, 80, 144]    
23     14483     0.26939        0.799240       1.33153        0.52081        [0.05837, 0.72068, -1.5454]   [1.63896, -1.3254, 0.90370]   [113, 149, 33, 63, 52, 90]    
24     4499      -0.564         0.50725        -0.1165        0.30358        [-0.8007, -2.1606, 0.40665]   [-0.6005, -0.6486, -0.725]    [88, 109, 36, 61, 70, 93]     
25     3712      1.98441        -0.58219       0.32681        -1.1604        [1.52309, -0.5562, -2.6006]   [2.71194, -1.0981, 1.30893]   [90, 105, 154, 177, 46, 72]   
26     5571      0.73307        0.652179       -0.2314        0.189198       [1.22393, -0.3009, 0.25130]   [0.92829, 0.0833, -0.4249]    [90, 103, 108, 132, 119, 154] 
27     4578      1.45167        0.34168        -0.1251        -0.7758        [-1.0055, 0.89378, 0.94926]   [-2.1707, -0.615, 0.96488]    [91, 107, 133, 156, 47, 74]   
28     12313     2.4243         2.150353       0.94186        1.37333        [-0.527, 0.77453, -1.2371]    [-0.5618, 0.3209, 2.16793]    [91, 108, 130, 179, 60, 133]  
29     10054     0.74796        0.273827       -0.1700        -1.322         [0.60286, -0.3490, 0.23904]   [-0.8893, 0.12125, -1.5370]   [89, 106, 105, 168, 66, 126]  
30     7437      0.50390        1.319725       0.91395        2.11382        [0.32455, 0.50536, 0.51486]   [-0.8797, 2.15323, 0.9885]    [88, 104, 65, 107, 65, 126]   
31     16684     -0.2428        -0.90283       0.58150        0.85754        [0.13788, 0.1860, -0.1881]    [-0.0027, 1.33514, 1.40061]   [88, 107, 43, 85, 71, 144]    
32     3625      -1.5001        0.138878       -1.2041        -1.33569       [0.58595, -0.8415, -3.1533]   [0.64515, 1.28214, 2.03877]   [88, 108, 35, 54, 88, 116]    
33     12654     -0.3962        1.445445       -2.6210        -1.04339       [0.5189, 0.47153, 1.32041]    [0.9566, -0.0815, 1.52924]    [100, 142, 130, 160, 45, 78]  
34     5838      0.68648        1.71708        -0.8042        0.30025        [-0.4295, 0.80591, -0.2195]   [-0.2518, -1.3264, 0.30820]   [98, 127, 100, 131, 31, 53]   
35     2784      1.11548        1.008195       -3.016         -1.61964       [2.00514, -0.1876, -0.1489]   [1.16533, 0.1966, -0.6325]    [98, 123, 82, 102, 42, 68]    
36     10947     -0.2098        1.897160       -1.3813        1.30122        [-0.3123, -0.2712, 1.86291]   [-0.6428, 0.83505, -0.3630]   [88, 120, 36, 85, 54, 82]     
37     2243      -1.4320        -0.16601       1.16892        -0.1858        [0.54942, 0.18855, 0.04683]   [-0.4174, 0.13178, -2.0328]   [112, 133, 113, 127, 23, 45]  
38     6333      -0.4483        -1.80394       0.26969        0.35466        [-0.7960, 0.80130, 0.39583]   [0.29357, -0.3614, 0.47279]   [110, 138, 79, 117, 31, 58]   
39     4959      1.05420        -0.66044       -0.8168        1.1890         [-2.3184, -2.6172, -1.8147]   [0.18174, 0.15237, 0.4965]    [107, 138, 60, 82, 45, 64]    
40     6349      0.07597        1.53737        1.57578        1.159010       [-1.1558, 0.36357, -0.8662]   [-0.5007, -1.0233, 0.01071]   [99, 136, 37, 62, 50, 69]     
41     2558      0.54412        0.078692       -1.1933        -1.5260        [-0.7620, -0.7776, 0.78427]   [-0.3192, -0.1886, -0.156]    [123, 143, 129, 150, 69, 89]  
42     7828      1.0968         1.636115       0.42705        -0.2483        [1.40250, 0.4382, -0.4210]    [1.01057, 0.20722, -1.4340]   [127, 154, 97, 130, 68, 97]   
43     4583      0.62690        0.299825       -1.8566        -2.1510        [0.13630, 0.68335, 0.60858]   [-1.3609, -0.3470, 0.66658]   [125, 154, 81, 98, 83, 104]   
44     2775      -1.5357        0.085282       0.2133         0.92375        [-2.4538, 0.14498, 2.01812]   [-0.621, -0.3162, 0.95399]    [130, 152, 97, 126, 51, 77]   
45     2409      -0.7631        1.156954       0.54053        -1.57407       [0.10059, -1.4589, 0.95254]   [-1.680, -1.8117, -1.1373]    [125, 148, 92, 112, 71, 89]   
46     4291      -0.8030        1.314940       -0.0182        0.291004       [1.07489, -0.6978, -0.5783]   [-0.8474, 0.78490, 1.63327]   [125, 156, 79, 112, 73, 95]   
47     769       0.25874        -0.62327       -0.5203        -1.11231       [0.73114, -1.0629, -0.2546]   [-1.1689, -1.899, -2.5399]    [88, 109, 36, 59, 79, 97]     
48     20470     -0.8899        0.21807        -0.3178        -0.2235        [-1.0713, -0.9316, -1.0677]   [0.2112, 2.04765, -0.1363]    [88, 129, 18, 38, 53, 114]    
49     66411     -1.3692        1.272623       -0.9985        0.55753        [-0.442, 0.08108, 3.432]      [-0.7475, -0.5866, 0.37523]   [33, 92, 156, 199, 46, 132]   
50     11669     -0.0219        -0.40607       -0.6884        0.59049        [1.07737, -0.952, -1.1364]    [1.82990, -1.4251, 0.71533]   [40, 63, 97, 151, 55, 94]     
51     20080     0.43912        -1.10296       0.75949        -1.1032        [-1.089, -1.3895, 0.83428]    [-0.4493, 1.08525, -0.8101]   [59, 92, 109, 179, 92, 155]   
52     20130     0.61466        1.407410       -0.0860        -1.1254        [-0.3425, 1.2567, 0.73909]    [-0.3859, -1.744, 0.71553]    [36, 69, 118, 158, 93, 142]   
53     4409      1.63090        1.64859        0.43279        -0.19102       [-0.7861, -0.5726, -1.649]    [2.13455, -0.0269, 2.38440]   [31, 53, 141, 158, 69, 102]   
54     5184      -0.0744        -1.61831       1.86156        -0.            [-0.4379, 1.64855, 1.45877]   [-2.0262, 0.00105, -1.0895]   [30, 56, 128, 147, 73, 109]   
55     31654     0.5391         1.812177       -0.5174        1.49322        [-0.9286, 2.17227, -0.8256]   [-0.4633, 0.29695, -1.4005]   [25, 91, 88, 137, 77, 156]    
56     20836     1.54960        -1.07001       0.61395        -1.289130      [0.1097, -0.0105, -0.3882]    [0.48921, -1.1168, 1.5218]    [25, 73, 128, 153, 24, 76]    
57     2203      0.20244        -2.79144       2.00556        0.452713       [1.5535, -0.1769, -2.2626]    [-0.419, -1.2260, -0.0384]    [22, 39, 116, 130, 50, 77]    
58     3070      -0.4827        0.209012       -1.7644        0.053782       [-0.4595, 0.63350, -1.692]    [-0.4250, 1.65839, -1.1810]   [19, 43, 89, 115, 59, 91]     
59     3258      0.73805        1.330506       -0.01          0.988510       [1.04143, 1.56975, -0.3678]   [-0.1122, 0.8041, -0.745]     [19, 41, 116, 130, 36, 65]    
60     10556     0.04805        -0.69857       -2.3290        0.33491        [1.702, -0.372, 0.08429]      [-0.4531, -0.7409, 0.13610]   [15, 45, 85, 118, 42, 78]     
61     8345      1.07293        2.215843       0.82647        -0.9613        [-1.4270, 1.30683, 0.31671]   [-0.6104, -1.0561, -0.8077]   [17, 49, 66, 88, 60, 91]      
62     2238      1.23342        -0.02235       -1.4004        0.872578       [0.31010, -0.2911, 0.60771]   [-0.827, 0.96390, -1.4248]    [29, 50, 116, 130, 25, 42]    
63     7430      -0.9034        -1.37688       -0.4165        -0.7574        [-0.3626, 0.00476, 0.55425]   [0.14653, 0.25185, 1.60432]   [18, 46, 84, 118, 30, 60]     
64     5845      -0.2664        -1.45833       0.95138        1.83586        [0.18728, 0.83953, -0.6556]   [0.18567, 0.63702, 0.37857]   [19, 47, 64, 86, 44, 70]      
65     21695     -0.5396        1.63062        0.1728         0.93019        [0.40577, 0.87367, 0.9332]    [-0.2161, 0.83367, 2.16045]   [21, 91, 76, 121, 85, 155]    
66     9661      1.99899        0.764041       1.68725        -1.3079        [1.47239, 0.07487, -1.7869]   [0.16521, 0.97629, -0.6960]   [46, 83, 67, 88, 113, 148]    
67     4995      1.93713        1.349227       -1.2751        1.00909        [0.11197, -0.5516, -0.3166]   [-0.4449, -1.2162, -0.4483]   [23, 51, 89, 106, 95, 130]    
68     7460      0.69268        1.425942       1.4583         -0.5733607     [-0.1172, -0.859, 1.03000]    [-1.6481, -1.3632, -0.6358]   [21, 56, 78, 91, 80, 131]     
69     8786      0.25147        -0.32114       0.03306        0.04753        [0.2332, -1.0344, -0.3393]    [0.57761, 0.28022, 1.09330]   [23, 57, 67, 81, 86, 131]     
70     31360     -0.746         0.906261       1.46662        -0.14259       [0.26593, 0.22518, 0.53567]   [0.38792, 1.46948, 0.51336]   [31, 83, 38, 70, 83, 144]     
71     15204     0.86450        0.331526       -1.0417        0.43336        [-0.2299, -0.6350, -0.894]    [-0.0703, -0.6074, 2.03967]   [29, 63, 37, 68, 54, 91]      
72     5646      1.59677        -0.2669        0.70915        1.15696        [-0.1728, 1.84823, 0.92211]   [-0.1017, -1.7992, -0.9659]   [63, 88, 38, 68, 72, 93]      
73     4022      0.31869        -0.43826       -0.0207        -0.787         [0.24692, -0.4583, -1.5527]   [-0.3416, -0.5720, -1.5516]   [78, 92, 155, 178, 44, 71]    
74     5658      1.42317        -0.07605       -0.3268        0.75037        [-0.0825, 0.76729, -1.4806]   [-1.0366, 0.54522, 1.49189]   [78, 90, 108, 132, 120, 154]  
75     4029      0.03001        0.21643        -0.8234        -0.0299        [-0.708, -0.1602, 0.72228]    [-1.9987, 0.21302, -0.8045]   [77, 92, 134, 156, 47, 74]    
76     12234     -0.6465        1.13817        0.2954         0.93362        [-1.7637, -0.4102, -0.4536]   [-0.5894, 0.44023, 0.89592]   [75, 92, 130, 179, 62, 132]   
77     11399     -1.1067        -0.96266       -1.2519        1.14760        [-0.514, -0.1013, -0.3322]    [-0.9636, 0.37326, 0.3830]    [75, 93, 107, 168, 66, 125]   
78     7820      0.94132        -0.2254        -0.2970        -0.5855        [1.4881, 1.00756, -0.0403]    [0.64897, -0.585, 2.05447]    [69, 90, 68, 109, 68, 126]    
79     18632     -0.5915        -0.37968       -0.3710        1.701234       [0.14760, 1.08441, -0.1100]   [-1.2129, 0.77548, -0.6264]   [62, 91, 44, 87, 74, 146]     
80     4663      -1.3185        -0.41607       0.63165        1.76428        [-1.3874, -2.1990, 0.93015]   [0.3000, -0.5634, 0.41836]    [68, 89, 36, 60, 88, 119]     
81     10819     0.72944        1.912068       -0.1303        1.27980        [-0.4517, -0.5096, 0.42377]   [-1.1149, -1.3019, 0.96319]   [39, 82, 133, 159, 48, 79]    
82     6343      -1.9630        0.113348       -0.3247        -0.3730        [-1.3323, -2.0359, -0.6609]   [-1.165, -0.4254, 0.08803]    [52, 81, 101, 132, 32, 56]    
83     2711      -0.7417        -1.07252       0.29004        -0.7618        [-0.9595, -0.2991, 0.28549]   [2.10874, 1.61356, -1.2633]   [55, 78, 88, 103, 43, 69]     
84     13323     -1.3242        0.064717       0.55699        -0.1317        [2.17233, 1.17707, 1.64005]   [-0.4178, -0.896, -1.0702]    [55, 88, 37, 90, 55, 83]      
85     2114      -0.113         -1.25834       -0.6337        -0.43076       [0.94428, -0.472, -1.4070]    [-0.4474, 0.18858, 0.56091]   [46, 68, 116, 129, 25, 42]    
86     5777      -0.921         0.647375       1.38682        0.48951        [0.23879, -0.4481, -0.6107]   [-2.0299, 0.60794, -0.3541]   [42, 68, 85, 118, 30, 58]     
87     6442      0.15258        0.501274       -0.7864        1.016995       [0.11311, 1.49699, 0.16893]   [0.31862, -0.2733, 1.47641]   [38, 69, 64, 87, 46, 67]      
88     6794      -2.1034        -0.53283       -0.3050        -1.5304        [-0.7947, -2.1721, 0.19038]   [-1.4052, 0.3698, -0.2617]    [44, 76, 37, 66, 53, 72]      
89     2513      -0.832         -1.55378       -0.6828        0.310623       [-0.1254, 0.66624, -0.7883]   [1.60599, -0.2379, -0.8451]   [38, 59, 133, 150, 70, 91]    
90     7656      1.31015        1.357566       -0.0901        -0.4843        [0.91007, -0.8941, 0.93519]   [-1.3871, -0.0833, 0.01175]   [23, 56, 102, 134, 71, 96]    
91     4047      1.20809        -1.82921       0.2344         -0.12071       [0.00290, -0.8841, -1.3018]   [-0.4631, -0.2416, 1.47518]   [26, 56, 88, 105, 87, 108]    
92     3496      0.11138        -0.00427       0.6983         -1.6118        [0.7225, 0.91537, 0.90714]    [-0.3329, -1.23, -0.9849]     [27, 50, 101, 131, 52, 80]    
93     2240      0.2474         0.536764       1.2765         1.52143        [0.87124, 0.03392, 0.26491]   [-0.2353, 1.05486, 0.59427]   [31, 54, 96, 118, 71, 89]     
94     3036      0.21585        -1.25560       1.04666        -1.5268        [1.23178, 0.98462, -1.5870]   [-0.0484, -1.2413, -0.1446]   [24, 56, 88, 117, 76, 99]     
95     1094      0.55516        -0.13663       -1.3638        0.2608         [0.25948, -0.0272, -1.0451]   [-0.3497, 0.26852, -0.1550]   [66, 88, 36, 66, 78, 96]      
96     20332     2.11262        0.256079       -0.2067        0.4825979      [-1.1054, 0.4207, 1.61679]    [-0.8837, 0.29883, 0.76711]   [47, 89, 20, 41, 55, 116]     
97     209417    -1.6933        1.638888       -1.0449        -0.3350        [0.38067, -0.2326, 0.80293]   [0.15092, 0.56975, 0.07497]   [87, 150, 31, 185, 36, 151]   
98     22512     1.47200        -2.01549       0.36409        -0.3006        [-0.9590, -0.8116, -0.5719]   [0.57841, -0.8961, -0.1631]   [90, 122, 59, 152, 66, 108]   
99     10779     0.27524        -1.1557        1.11234        2.42158        [-0.674, 0.91944, -0.3096]    [0.53336, -0.181, 2.20866]    [89, 114, 85, 122, 65, 93]    
100    6129      -0.3243        0.793930       0.60736        -1.0839        [-2.1602, 0.57908, 0.84451]   [-0.5367, -0.6333, 0.97680]   [98, 115, 100, 147, 67, 104]  
101    5565      0.85283        0.95587        0.26140        -0.7882        [-1.2179, -1.993, -0.0576]    [1.91916, 0.47789, -0.0797]   [107, 126, 102, 140, 62, 89]  
102    1680      -1.5207        -0.66793       0.0049         -0.2222        [0.90833, -0.1586, 0.69530]   [-0.1142, -0.1897, 1.25913]   [105, 120, 105, 129, 67, 81]  
103    40591     -0.7519        -0.28305       -1.2927        0.09673        [1.06950, 0.68140, 0.73401]   [1.05304, 0.62521, 0.75825]   [66, 111, 73, 117, 4, 72]     
104    6056      0.40372        -0.97538       0.52609        0.94588        [-0.8919, 0.23598, 1.08281]   [-0.3734, -1.3211, 0.0615]    [95, 126, 80, 121, 44, 75]    
105    2836      1.59368        -0.9129        -0.1053        -0.7510        [-0.3589, 0.23477, 1.47681]   [-0.716, -0.7086, -0.8725]    [102, 124, 108, 127, 45, 65]  
106    617       -1.0937        -1.53470       -0.8512        -0.1058        [0.04086, 1.17244, -0.8216]   [-0.7799, -0.7568, 0.19574]   [98, 109, 128, 141, 61, 71]   
107    195651    -0.1584        0.777208       -0.7891        0.91325        [0.94251, -0.2624, -0.6225]   [0.18116, -0.7915, 1.99220]   [25, 92, 35, 187, 37, 149]    
108    13386     0.14088        0.79244        -1.267         -1.7507        [0.6872, 0.51588, -0.7606]    [-0.5667, -0.679, 0.22782]    [55, 91, 70, 153, 69, 105]    
109    9746      0.92385        -1.54486       0.47874        -0.8741        [-0.5309, -0.160, -1.3614]    [2.84393, 2.42497, 0.75226]   [66, 91, 87, 123, 69, 94]     
110    5365      0.65601        -1.04361       2.37734        0.01831        [-0.1233, 1.20399, 0.26080]   [-0.7766, -0.2189, -0.3760]   [69, 85, 100, 149, 69, 103]   
111    5324      0.06465        0.554457       0.53275        1.30120        [-0.0041, 0.95806, 1.70666]   [-1.2260, 0.71257, -1.0723]   [56, 77, 105, 144, 64, 89]    
112    1703      -1.5070        1.584662       1.13548        0.52337        [-0.476, 1.50356, -1.3671]    [0.06739, 0.4851, 1.28712]    [61, 76, 109, 132, 68, 82]    
113    7789      -1.5264        -3.06414       0.11537        0.31742        [0.17368, -0.87, -0.0441]     [-1.5400, 0.42059, 0.8925]    [50, 80, 84, 122, 44, 79]     
114    3302      -0.7320        -2.00394       -0.1297        -0.1985        [-0.0806, 1.3035, 0.1385]     [2.08412, 0.38074, -1.0872]   [56, 79, 110, 130, 44, 66]    
115    629       1.13361        -0.09034       -0.4887        0.27940        [0.11478, -1.5585, -0.8495]   [1.15200, 0.17592, 0.63898]   [74, 86, 130, 144, 63, 72]    
Procss file name: SF-1004
Procss file name: SF-1334
