   Label          Mean         Sigma      Skewness      Kurtosis       Entropy           Sum          5th%         95th%           Min           Max
       1    1.62434536      -0.61175      -0.52817       -1.0729        0.8654      -2.30153     1.7448117      -0.76120     0.3190390      -0.24937
       2      1.462107      -2.06014      -0.32241      -0.38405       1.13376       -1.0998    -0.1724282       -0.8778     0.0422137      0.582815
       3     -1.100619     1.1447237     0.9015907       0.50249       0.90085       -0.6837     -0.122890      -0.93576     -0.267888      0.530355
       4     -0.691660     -0.396753   -0.68717270      -0.84520       -0.6712       -0.0126    -1.1173103      0.234415     1.6598021      0.742044
       5     -0.191835     -0.887628      -0.74715      1.692454       0.05080       -0.6369    0.19091548       2.10025     0.1201589       0.61720
       6     0.3001703     -0.352249       -1.1425      -0.34934       -0.2088      0.586623     0.8389834     0.9311020     0.2855873      0.885141
       7    -0.7543979     1.2528681      0.512929      -0.29809       0.48851      -0.07557     1.1316293      1.519816     2.1855754      -1.39649
       8       -1.4441        -0.504      0.160037       0.87616        0.3156        -2.022    -0.3062040       0.82797    0.23009473      0.762011
       9      -0.22232     -0.200758      0.186561       0.41005       0.19829       0.11900     -0.670662      0.377563     0.1218212      1.129483
      10     1.1989178     0.1851564      -0.37528       -0.6387       0.42349       0.07734     -0.343853      0.043596    -0.6200008      0.698032
      11      -0.44712     1.2245077      0.403491       0.59357       -1.0949       0.16938     0.7405564      -0.95370    -0.2662185      0.032614
      12     -1.373117     0.3151593      0.846160       -0.8595       0.35054       -1.3122    -0.0386955      -1.61577     1.1214177      0.408900
      13     -0.024616     -0.775161      1.273755      1.967101       -1.8579       1.23616    1.62765075      0.338011     -1.199268      0.863345
      14      -0.18092      -0.60392      -1.23005      0.550537        0.7928       -0.6235    0.52057633       -1.1443    0.80186103      0.046567
      15      -0.18656     -0.101745      0.868886      0.750411       0.52946       0.13770     0.0778211      0.618380    0.23249455      0.682551
      16     -0.310116     -2.434837      1.038824      2.186979       0.44136       -0.1001    -0.1364447      -0.11905     0.0174094      -1.12201
      17    -0.5170944      -0.99702      0.248799      -0.29664       0.49521       -0.1747     0.9863351      0.213533     2.1906997      -1.89636
      18     -0.646916     0.9014868     2.5283257       -0.2486       0.04366      -0.22631     1.3314571    -0.2873078     0.6800698     -0.319801
      19      -1.27255      0.313547      0.503184      1.293225       -0.1104      -0.61736     0.5627610      0.240737     0.2806650      -0.07311
      20    1.16033856       0.36949    1.90465870      1.111056       0.65904      -1.62743      0.602319      0.420282     0.8109516      1.044442
      21    -0.4008781     0.8240056     -0.562305        1.9548       -1.3319      -1.76068     -1.650721      -0.89055     -1.119115      1.956078
      22    -0.3264994      -1.34267      1.114382      -0.58652       -1.2368      0.875838     0.6233621      -0.43495     1.4075400      0.129101
      23     1.6169495     0.5027408      1.558805       0.10940       -1.2197       2.44936    -0.5457741      -0.19883     -0.700398      -0.20339
      24     0.2426694     0.2018301     0.6610202       1.79215       -0.1204      -1.23312     -1.182318     -0.665754     -1.674195      0.825029
      25    -0.4982135     -0.310984       -0.0018      -1.39662       -0.8613       0.67471     0.6185391      -0.44317     1.8105349      -1.30572
      26    -0.3449872     -0.230839     -2.793085       1.93752       0.36633      -1.04458     2.0511734     0.5856620      0.429526       -0.6069
      27     0.1062227     -1.525680      0.795026       -0.3744       0.13404       1.20205    0.28474811      0.262467     0.2764993      -0.73327
      28     0.8360047     1.5433591      0.758805       0.88490       -0.8772       -0.8677     -1.440876       1.23225     -0.254179      1.399843
      29     -0.781911     -0.437508      0.095425      0.921450       0.06075       0.21112     0.0165275      0.177187     -1.116470      0.080927
      30    -0.1865789      -0.05682      0.492336       -0.6806       -0.0845      -0.29736     0.4173020     0.7847706     -0.955425      0.585910
      31    2.06578332     -1.471156     -0.830171      -0.88057       -0.2790      1.622849     0.0133526     -0.694693     0.6218035      -0.59980
      32    1.12341216     0.3052670      1.388779      -0.66134       3.03085      0.824584    0.65458015     -0.051188    -0.7255971      -0.86776
      33       -0.1359      -0.79726      0.282675      -0.82609       0.62108       0.95612    -0.7058405      1.192686     -0.237941      1.155287
      34    0.43816634     1.1223283      -0.99701       -0.1067       1.45142      -0.61803     -2.037201     -1.942589     -2.506440      -2.11416
      35    -0.4116391     1.2785280       -0.4422       0.32352       -0.1099      0.008548    -0.1681988     -0.174180     0.4611640      -1.17598
      36    1.01012717     0.9200179      -0.19505       0.80539       -0.7013      -0.53722     0.1562638     -0.190221     -0.448738       -0.6724
      37      -0.55749      0.939168      -1.94332        0.3524       -0.2364       0.72781    0.51507361      -2.78253     0.5846466      0.324274
      38      0.021862     -0.468673      0.853281      -0.41302       1.83471       0.56438    2.13782806      -0.78553    -1.7559256      0.714789
      39    0.85270406     0.0353600      -1.53879      -0.44789       0.61798      -0.18417    -0.1159851     -0.175458     -0.933914      -0.53302
      40    -1.4265554     1.7679599      -0.47537       0.47761       -1.0218       0.79452     -1.873160     0.9206151     -0.035367     2.1106050
      41      -1.30653      0.076380       0.36723       1.23289       -0.4228       0.08646     -2.142466      -0.83016     0.4516159      1.104174
      42     -0.281736     2.0563555      1.760249      -0.06065       -2.4135       -1.7775    -0.7778588      1.115841     0.3102722      -2.09424
      43     -0.228765     1.6133613     -0.374804       -0.7499       2.05462       0.05340    -0.4791570      0.350167    0.01716472      -0.42914
      44      1.208456      1.115701      0.840861       -0.1028       1.14690        -0.049     0.4666432      1.033686     0.8088443      1.789754
      45      0.451284     -1.684059     -1.160170       1.35010       -0.3312       0.38653      -0.85145      1.000881     -0.384832       1.45810
      46      -0.53223     1.1181333      0.674396      -0.72239       1.09899       -0.9016     -0.822467      0.721711     -0.625342      -0.59384
      47   -0.34390070     -1.000169     1.0449944       0.60851       -0.0693      -0.10839    0.45015551     1.7653351     0.8709698      -0.50845
      48      0.777419      -0.11877      -0.19899      1.866471       -0.4189       -0.4791     -1.952105      -1.40232    0.45112293      -0.69492
      49     0.5154138     -1.114871      -0.76730      0.674570       1.46089       0.59247     1.1978308      1.704594     1.0400891      -0.91844
      50   -0.10534471     0.6301956     -0.414846       0.45194       -1.5791       -0.8286     0.5288797      -2.23708     -1.107712      -0.01771
      51   -1.71939447      0.057120     -0.799547       -0.2915       -0.2589      0.189293     -0.563788      0.089686     -0.601156      0.556073
      52    1.69380911     0.1968697      0.169869       -1.1640       0.69336      -0.75806     -0.808847     0.5574394     0.1810387      1.107175
      53    1.44287692     -0.539681     0.1283769       1.76041       0.96653      0.713049     1.3062060   -0.60460296     0.6365834     1.4092533
      54     1.6209122     -0.806184     -0.251674       0.38271       -0.2889      -0.39181     0.6840013    -0.3534099     -1.787912     0.3618473
      55    -0.4244927     -0.731530      -1.56573      1.013822       -2.2271      -1.69933     -0.275846     1.2289555      1.309705      -1.15498
      56      -0.17763      -1.51045    1.01120706       -1.4765       -0.1431       1.03298    -0.2224140      1.470160     -0.870008       0.36919
      57     0.8532821      -0.13971      1.386314      0.548129       -1.6374       3.95860    0.64864364      0.107343    -1.3988128      0.081767
      58     -0.459942     0.6443536     0.3716702       1.85300        0.1422       0.51350    0.37245685      -0.14848     -0.183400      1.101000
      59       0.78002     -0.629441       -1.1134      -0.06741       1.16143       -0.0275     1.7464350      -0.77507    0.14164053      -2.51630
      60     -0.595667     -0.309121      0.510937      1.710661       0.03494       1.45391    0.66168107      0.986352     -0.466154      1.384991
      61   -1.07296427     0.4951586      -0.95206      -0.51814       -1.4614      -0.51634     0.3511168      -0.06877     -1.347764      1.470739
      62      0.337220     1.0080654     0.7852269      -0.66486       -1.9450       -0.9154     1.2251558       -1.0535     0.8160436      -0.61240
      63      0.393109     -1.823919      1.167075      -0.03966       0.88582          1279      0.189861      0.798063      -0.10193      0.743356
      64     -1.509572     -1.080710        0.7254        -0.039       -0.2287       -0.1796    0.50172510      -0.59334      0.510307      -0.91579
      65    -0.4072520     0.9849516      1.071252      -1.09715       0.83863      -1.03918     0.7330232     -1.898812     -1.117110      -0.50897
      66    -0.1664859     1.4236144    0.90399917       1.57546       1.20660      -0.28286     -0.266326     1.0689716     0.0403714      -0.15699
      67    -1.3352027     -0.106460      -2.79099      -0.45611       -0.9798      0.692574     -0.478672     -0.329051     1.3471054      -1.04906
      68    0.31665889     -1.895266      0.089729      0.410265        0.8598      -0.89868     0.3196569     0.3181541     -0.019231     0.1500162
      69    0.46353432     0.3978804       -0.9960      -1.19586       2.50598      1.919792     -1.391693     0.4502177     0.6274370     0.7513372
      70    0.14039543     -0.926871      -0.18242        -0.491       0.13437      -0.26837     -0.131675     1.0185524     1.2305581      -1.18110
      71    -0.4599301     -0.790799      1.223722      -0.05936       1.44898      -0.47758     0.0259999      -1.34869     1.3025355      -0.36261
      72      -1.48515     -0.592461     -2.304907       -0.0318        0.1124       0.28807    1.49810818      -0.30097     0.8074559      0.312238
      73     -0.193321     -2.076802      0.947501       -0.5039       0.01795       -1.2704     0.2829955      0.108030    0.02941761      -0.13479
      74    1.04921829      0.966220       0.72591       3.32107       -0.6002      -0.37951     -1.014803     0.4359861     -0.687487      -2.69836
      75      -1.21333     0.0722518      1.009787      -1.55694       -0.6124       -0.1393     -0.728537       0.53116     0.0040008       0.32126
      76  -0.72521e-05     1.5365363     -0.000375        1.2935       -0.4389     0.5900394     -0.679383     -0.950909     -0.704350      -0.04586
      77     -0.218733     1.5392070      -1.14870      -1.09033       1.70018       0.60878    -1.8814108      0.497269     0.2373326      -2.14444
      78    -0.3695624      -0.01745      0.731402       0.95449       0.09574      1.033450     -0.146273     -0.857496     -0.934181      0.542645
      79     -1.958169     0.6778075     -1.106573       -0.3592         0.505       1.21794    -1.9406809     -0.806178     0.0490616      -0.59608
      80    0.86162310     -2.086390     0.3618016       0.42592       0.04908      1.102236    -1.2295742     1.1086167     -0.702920      0.725550
      81     -0.324204      0.814343     0.7804699       -1.4640        -0.154       -0.0924     -0.237875      -0.75566     1.8514378      0.209096
      82     1.5550159     -0.569148      -1.06179       0.13224       -0.5632       2.39014    0.24542284      1.152599     -0.224235      -0.32606
      83    -0.0309114     0.3557172      0.849586       -0.1221       -0.6808       -1.0678    -0.0766793      0.572962     0.4579470       -0.0178
      84    -0.6001387     0.1467652     0.5718048       -0.0368       0.11236      -0.15050     0.9154992      -0.43820     0.1855356       0.39442
      85      0.725522      1.495884     0.6754538      0.599213       -1.4702        0.6064     2.2937176      -0.83001     -1.019519      -0.21465
      86     1.0212481      0.524750       -0.4771      -0.03599       1.03703       0.67261    2.42887696      1.005686     0.3535672      0.614726
      87    -0.3489841     -0.977773     0.1719571       0.49056       -1.3952      -0.52235     -0.369255      0.265642     -0.260466      0.445096
      88    0.09811224     1.0603275     -1.711167      1.657124       1.41767      0.050317     0.6503232     0.6065484     -0.737289     0.1646650
      89    0.77817417     0.3098167     1.0513207      0.094996       0.08075      -0.76780     -0.364538     -0.459717     1.7054835     0.2405055
      90    -0.9994265     0.3985983      -0.19200      -3.05376        0.4798       -1.5526    0.57846442     -0.961263     -1.458324      0.494341
      91    -1.4941937     -0.446699     0.2043773       0.61223       0.74488      -0.03628     -0.832395     1.9238154     -0.605981      1.803588
      92     -0.452524     1.1612856      1.069965      -1.04553       0.35528       0.75539    0.70098212      -0.19893     0.3019600      -0.39468
      93     -1.171813     0.9840122    -0.5596814      1.379758       0.60245       -0.8926    -0.1611983     -0.286384    -0.8708876      0.501429
      94    -0.4786140     1.6316915     0.8608912       -0.8801       -0.0190      -0.22676     -1.564507     0.9312556     0.9498088      0.925501
      95     -0.456987     1.0689859       -0.2097       0.93514       1.81252       0.14010   -1.41914877      -0.31690    0.64098586      1.219874
      96     -1.133792     -0.190548      0.233339      0.434998       0.91042       -0.9484    -0.4234782      1.007966      0.392334      0.448380
      97     1.1253234     0.1040533     0.5280034       -0.3145       -1.3450       -1.2952    0.07432055      -0.19956     -0.654603      0.318014
      98      -0.89027      0.111337      -0.01952        -0.839        -2.298       1.45652     0.3166372      -2.66412     -0.426428      0.393787
      99     -0.228140     0.5803301      -0.97326       0.17516       -0.0534       -0.1830    -0.2210289      0.199759     0.9327214      -0.53011
     100      -0.40724      0.160564     -0.120149      0.385602       0.71829       1.29118     -0.116444      -2.27729    -0.0696245      0.353870
     101    -0.1869550      -0.15323     -2.432508      0.507984       -0.3240      -1.51107     -0.871422     -0.864829     0.6087490      0.561638
     102     1.5147503     0.6479248      -1.35164      -1.40920       1.13072       1.56668    -0.2377480       0.55880     -1.504891       -1.9439
     103    -1.1740236     -0.357187     -0.521376      -0.23011       -0.4910      0.679301     1.4275469     0.0361974     2.0299974      -0.63440
     104     -0.525103     0.3877346     -0.354798      1.177052       -0.6411       1.32269    0.19417501      2.565452     -0.464114      -0.20269
     105    0.14565181     -2.181027     0.6022651       0.48084       0.10931      -1.54439     -1.546561     0.5866185     1.1751786      1.594464
     106     -0.895441     -1.030798      -0.27193       -1.9757       -0.5889       0.85178    1.63460250      0.279155    1.64055364      0.410872
     107     0.1913639     -0.171441      0.186937      -0.25485       -0.1409       -0.6618    0.25903190      0.014448     -1.479580       -0.2407
     108     -0.855671      -2.04820      0.483883      1.558688       2.36973       1.56241    -0.8708015      1.175244     1.1198990      -1.98782
     109    0.86128851      0.627177      0.162808       0.28861       0.05830       1.63193     -0.401788      -0.19993     0.0073889      0.275664
     110     -1.763249      1.387973      0.226199      0.569124       0.19731       -0.1864    -0.3552415      0.096114     0.1520523      1.155261
     111    0.34605774     -0.133488     1.9865651       -1.2794       -1.3402      0.354602     -0.212373     -1.774595     -0.312229      -0.71065
     112      1.131128     -0.621251     1.0506146     0.4597817       -0.2063       0.02117    0.42865873      -2.30803    0.32706840      -0.37911
     113     1.7979193      -0.69126    1.14256392       -2.5149       0.81462       0.27610     -0.247016      -0.12088     -0.260560      0.423003
     114      -0.13424     -1.787737     -0.185810      2.234721       0.04684       0.29078    -0.4380545      0.174054    0.17794555      -0.26120
     115     0.8632633     -0.923077       -0.1301       0.50505       -0.2670        -1.223      0.558264      -0.98216      -0.44730      -0.82814
   Label          Mean         Sigma      Skewness      Kurtosis       Entropy           Sum          5th%         95th%           Min           Max
       1   -0.11072841      -0.42938       -0.4745      0.680978       1.76260      -0.35751     0.5226551      -0.35541     0.0989422      1.127751
       2     0.0502932     -0.815547     -0.729926      -0.61674       -0.0133       0.85801    -1.3587968      -1.03728     -0.924541      -1.74940
       3     1.3259226     -0.036378    1.90077931       -1.4243       1.29418      -0.70164     -0.407369     -0.988964     -0.949863       -1.3237
       4    0.21633295      -1.31420       -0.2418      -0.00920       0.66661      0.100391     0.3213258      0.514411     -0.017250      0.363347
       5     -0.979720     -0.775470       1.89751      -0.01173       -0.7105       1.37987     -0.156842      -0.64649     -1.448991      0.779491
       6      -1.08630     -0.539032     0.6440999      0.183633       -0.0864       -0.2139    1.14592735      2.230274     -0.548760      0.568904
       7    1.92880030     1.0790570      -0.68683      -0.43068       -0.5979      -0.91344     -0.623905     0.2618754     -0.587029      0.876199
       8    0.12325546     -0.397125      0.886089      0.318971       0.26486      1.040038     0.5732654      -0.10889     0.9375548      0.309317
       9    2.91730876     1.0986885     1.1532126       1.29099       0.07983      1.312895     0.0233570     -0.831173     -0.563986      0.527950
      10    -1.5611198     0.2083529    -0.7283500      0.718216       -0.7461      1.872303     0.7678181     -1.268858     1.7587593      -0.22725
      11     -0.727476     -1.023799       0.56776      1.504521       -0.5784       -0.9976     -1.139700      1.496405    1.67072922      -0.34847
      12     0.5377050     -0.002905     -0.060630      0.964022       0.44095       0.32948    -0.2925789      0.815600     -0.282005      0.049922
      13       0.21947     -1.201155     -0.299094       -0.3126       0.10120       -1.1118    -1.1865517      1.623462    1.15644360      0.889039
      14     1.8248187     0.4195952       -0.0910      0.482175       -1.8792       -1.0980     0.7586370      0.032615     -1.277636      0.658536
      15      0.998901     0.6678795     -0.030296       -0.8360       0.10759        0.4269     -0.358588      0.603035    0.31443193      0.333114
      16      -2.03253      1.081092      1.724391       -0.4024       -1.4768        0.6389     -0.465659      -0.96701    1.21771625      -1.38337
      17    0.71742862     -1.247734    1.46226798      0.516552        -0.257       0.14936     0.5820873     0.8298943     0.8277914      0.546730
      18     -0.477381      0.664079      -1.31132      1.004093       0.87300      1.394081     -0.588779     0.1862116     0.8582860     0.3178578
      19    -0.4266672      0.307331      0.068032      0.995703       -0.6284      0.339487     0.2929311      0.757328     -0.072892      0.127314
      20    -0.0709496     0.0340658      0.008359      -0.32674       2.82729      -0.84391     -1.173409     -0.795626     -0.710052      0.011436
      21    1.43093279     1.6883837     0.2373243       -2.4982       0.38435       -1.3106    -0.5007015     -1.149722     0.4256225      -0.62660
      22    0.77211967     0.4773023       -0.2400      0.080560       0.91741      -0.37213     0.9156188     -0.019316     0.2693974      0.799240
      23     1.3315325     0.5208121     0.0583718       0.72068       -1.5454       1.63896    -1.3254912       0.90370     -0.564163      0.507251
      24    -0.1165674     0.3035897      -0.80078      -2.16062       0.40665       -0.6005    -0.6486357     -0.725323     1.9844112      -0.58219
      25     0.3268129     -1.160443      1.523096       -0.5562        -2.600        2.7119    -1.0981486      1.308932     0.7330725      0.652179
      26    -0.2314848     0.1891987       1.22393      -0.30093       0.25130      0.928290    0.08338883      -0.42498     1.4516789      0.341688
      27      -0.12517     -0.775894     -1.005597       0.89378       0.94926       -2.1707    -0.6154916      0.964888     2.4243066       2.15035
      28     0.9418661     1.3733324     -0.527419       0.77453       -1.2371       -0.5618     0.3209710      2.167937     0.7479633      0.273827
      29      -0.17008      -1.32244     0.6028630       -0.3490       0.23904       -0.8893    0.12125495       -1.5370    0.50390621       1.31972
      30    0.91395081     2.1138237        0.3245      0.505363       0.51486      -0.87972     2.1532334     0.9885780     -0.242826      -0.90283
      31     0.5815092     0.8575475      0.137884       0.18607       -0.1881      -0.00274     1.3351413    1.40061788     -1.500176      0.138878
      32    -1.2041013     -1.335695     0.5859527       -0.8415       -3.1533      0.645152     1.2821418     2.0387771      -0.39629      1.445445
      33     -2.621011      -1.04339    0.51896937      0.471534       1.32041       0.95668     -0.081570      1.529247      0.686482      1.717088
      34    -0.8042769     0.3002536     -0.429595      0.805913       -0.2195      -0.25185     -1.326489     0.3082041     1.1154893      1.008195
      35    -3.0160319      -1.61964     2.0051405      -0.18762       -0.1489      1.165335     0.1966452     -0.632590     -0.209846     1.8971606
      36   -1.38139115     1.3012248      -0.31239      -0.27122        1.8629      -0.64287     0.8350583      -0.36305     -1.432067       -0.1660
      37      1.168926     -0.185892      0.549421      0.188553       0.04683       -0.4174    0.13178230      -2.03289    -0.4483216       -1.8039
      38       0.26969     0.3546604       -0.7960      0.801307       0.39583       0.29357    -0.3614038      0.472793     1.0542070      -0.66044
      39    -0.8168444     1.1890107      -2.31842      -2.61729       -1.8147      0.181741     0.1523742      0.496505     0.0759772      1.537379
      40     1.5757834     1.1590106      -1.15580      0.363577       -0.8662       -0.5007    -1.0233622      0.010712     0.5441240      0.078692
      41     -1.193368     -1.526035     -0.762084      -0.77763       0.78427       -0.3192    -0.1886663     -0.156935     1.0968481      1.636115
      42    0.42705853     -0.248305     1.4025015       0.43824       -0.4210      1.010573     0.2072299     -1.434030     0.6269063      0.299825
      43     -1.856641     -2.151043     0.1363010        0.6833       0.60858       -1.3609    -0.3470099      0.666589     -1.535752      0.085282
      44    0.21332926     0.9237559    -2.4538919      0.144987       2.01812      -0.62120     -0.316239     0.9539922       -0.7631      1.156954
      45    0.54053316     -1.574073      0.100593       -1.4589       0.95254      -1.68067      -1.81175     -1.137304     -0.803072      1.314940
      46    -0.0182575     0.2910045      1.074899       -0.6978       -0.5783      -0.84745     0.7849046      1.633276     0.2587424       -0.6232
      47   -0.52036102     -1.112314     0.7311453       -1.0629       -0.2546      -1.16896     -1.899463       -2.5399     -0.889961     0.2180784
      48      -0.31781      -0.22357      -1.07137      -0.93168       -1.0677       0.21123     2.0476548       -0.1363    -1.3692804      1.272623
      49     -0.998566      0.557532      -0.44265      0.081083       3.43266       -0.7475    -0.5866804      0.375235     -0.021946      -0.40607
      50     -0.688407     0.5904938       1.07737       -0.9520       -1.1364      1.829906     -1.425156    0.71533344     0.4391273    -1.1029695
      51    0.75949359      -1.10321       -1.0895       -1.3895       0.83428      -0.44934     1.0852513      -0.81014     0.6146625      1.407410
      52    -0.0860135      -1.12545      -0.34257      1.256737       0.73909      -0.38598     -1.744372      0.715536     1.6309062       1.64859
      53      0.432790      -0.19102      -0.78612       -0.5726       -1.6497       2.13455    -0.0269643      2.384405     -0.074497      -1.61831
      54     1.8615651      -0.85982      -0.43790       1.64855       1.45877        -2.026    0.00105476       -1.0895     0.5391382      1.812177
      55   -0.51748982      1.493222      -0.92864      2.172270       -0.8256      -0.46333     0.2969573       -1.4005     1.5496088      -1.07001
      56    0.61395156      -1.28913    0.10978294       -0.0105       -0.3882       0.48921     -1.116832      1.521865     0.2024473      -2.79144
      57    2.00556157     0.4527136      1.553565       -0.1769       -2.2626      -0.41971     -1.226069     -0.038482     -0.482726      0.209012
      58    -1.7644080     0.0537824      -0.45958        0.6335       -1.6923      -0.42507    1.65839933     -1.181062     0.7380536      1.330506
      59     -0.010089     0.9885106      1.041439      1.569755       -0.3678       -0.1122    0.80412285      -0.74564    0.04805070      -0.69857
      60     -2.329041     0.3349151      1.702430      -0.37206       0.08429       -0.4531    -0.7409633      0.136104     1.0729310      2.215843
      61    0.82647655      -0.96136     -1.427015       1.30683       0.31671       -0.6104    -1.0561721      -0.80772     1.2334249      -0.02235
      62       -1.4004      0.872578      0.310102      -0.29113       0.60771       -0.8276     0.9639045      -1.42486   -0.90344272      -1.37688
      63      -0.41655       -0.7574      -0.36264      0.004767       0.55425       0.14653    0.25185970      1.604323     -0.266490      -1.45833
      64     0.9513818     1.8358695       0.18728      0.839534        -0.655        0.1856    0.63702531      0.378575     -0.539697      1.630629
      65    0.17281608      0.930198       0.40577      0.873674       0.93325      -0.21615     0.8336788      2.160455     1.9989920      0.764041
      66    1.68725522     -1.307971     1.4723963       0.07487       -1.7869      0.165210     0.9762962     -0.696027      1.937131     1.3492276
      67    -1.2751138     1.0090902      0.111972      -0.55168       -0.3166      -0.44499     -1.216271     -0.448323     0.6926889      1.425942
      68    1.45833833     -0.573360      -0.11724       -0.8593       1.03000       -1.6481     -1.363276     -0.635846     0.2514734      -0.32114
      69    0.03306390     0.0475346      0.233279       -1.0344        -0.339      0.577612    0.28022915     1.0933066     -0.746224      0.906261
      70    1.46662474     -0.142590      0.265930      0.225189       0.53567       0.38792    1.46948770     0.5133649     0.8645017      0.331526
      71     -1.041770     0.4333603      -0.22995      -0.63508       -0.8943        -0.070    -0.6074641      2.039672     1.5967718      -0.26693
      72    0.70915717     1.1569624     -0.172839      1.848233       0.92211      -0.10170    -1.7992991     -0.965955     0.3186925     -0.438263
      73     -0.020753     -0.787313       0.24692       -0.4583       -1.5527       -0.3416    -0.5720258      -1.55165   1.423177186      -0.07605
      74    -0.3268660      0.750374      -0.08259       0.76729       -1.4806      -1.03665       0.54522      1.491897     0.0300115      0.216434
      75     -0.823443     -0.029935      -0.70893      -0.16023       0.72228       -1.9987    0.21302572      -0.80454     -0.646582      1.138172
      76     0.2954396     0.9336296     -1.763774      -0.41021       -0.4536       -0.5894     0.4402345       0.89592     -1.106778      -0.96266
      77     -1.251957     1.1476066    -0.5147349      -0.10138         -0.33       -0.9636    0.37326097      0.383026     0.9413255      -0.22542
      78    -0.2970874     -0.585521      1.488141      1.007566       -0.0403      0.648973    -0.5858437     2.0544747     -0.591566      -0.37968
      79     -0.371031     1.7012349      0.147602       1.08441       -0.1100       -1.2129    0.77548017      -0.62645     -1.318522      -0.41607
      80   0.631657100     1.7642850      -1.38747       -2.1990       0.93015      0.300051    -0.5634729     0.4183619    0.72944307     1.9120687
      81   -0.13034193      1.279800     -0.451755       -0.5096        0.4237      -1.11496     -1.301959       0.96319     -1.963075      0.113348
      82    -0.3247422      -0.37302     -1.332305        -2.035       -0.6609      -1.16521     -0.425419      0.088036     -0.741760      -1.07252
      83    0.29004136      -0.76183      -0.95953       -0.2991       0.28549      2.108748     1.6135615     -1.263380     -1.324249      0.064717
      84    0.55699894     -0.131705     2.1723327      1.177070       1.64005      -0.41787     -0.896879     -1.070288     -0.113781      -1.25834
      85     -0.633792     -0.430769      0.944284      -0.47287       -1.4070       -0.4474      0.188582      0.560918    -0.9216590      0.647375
      86    1.38682559      0.489516      0.238795      -0.44811       -0.6107      -2.02994     0.6079465      -0.35410     0.1525814      0.501274
      87      -0.78640      1.016995      0.113110      1.496995        0.1689      0.318624     -0.273377    1.47641399     -2.103492     -0.532831
      88    -0.3050539     -1.530420     -0.794702       -2.1721        0.1903      -1.40522     0.3698604     -0.261781     -0.832713      -1.55378
      89    -0.6828478     0.3106238      -0.12544       0.66624       -0.7883       1.60599     -0.237953     -0.845195     1.3101592     1.3575664
      90    -0.0901693     -0.484302       0.91007       -0.8941       0.93519      -1.38718     -0.083393     0.0117555     1.2080994       -1.8292
      91    0.23443672     -0.120710       0.00290        -0.884       -1.3018      -0.46313     -0.241663     1.4751834     0.1113816      -0.00427
      92     0.6983462     -1.611854      0.722566       0.91537       0.90714      -0.33299      -1.23524    -0.9849285     0.2474538     0.5367648
      93     1.2765497     1.5214340      0.871248        0.0339       0.26491      -0.23531     1.0548684     0.5942715     0.2158596    -1.2556005
      94     1.0466613     -1.526886      1.231782       0.98462       -1.5870          -310     -0.048464     -1.241394     -0.144619      0.555169
      95     -0.136638      -1.36386       0.26082       0.25948       -0.0272       -1.0451    -0.3497816     0.2685271    -0.1550498     2.1126221
      96     0.2560794      -0.20676      0.482597      -1.10543       0.42075       1.61679    -0.8837713      0.298835    0.76711309      -1.69334
      97     1.6388889       -1.0449      -0.33505      0.380672       -0.2326       0.80293    0.15092541      0.569751     0.0749734       1.47200
      98      -2.01549      0.364094     -0.300615       -0.9590       -0.8116       -0.5719     0.5784105      -0.89613     -0.163183      0.275248
      99     -1.155791     1.1123486      2.421589       -0.6740       0.91944       -0.3096    0.53336745      -0.18170     2.2086616      -0.32433
     100      0.793930      0.607366     -1.083960      -2.16026       0.57908       0.84451       -0.5367      -0.63337    0.97680325       0.85283
     101     0.9558766     0.2614020      -0.78827       -1.2179       -1.9931       -0.0576    1.91916875      0.477894     -0.079740      -1.52074
     102     -0.667930     0.0049387      -0.22221        0.9083       -0.1586       0.69530    -0.1142182       -0.1897    1.25913352      -0.75197
     103    -0.2830528      -1.29273      0.096739      1.069501       0.68140      0.734011     1.0530423      0.625218     0.7582594      0.403724
     104    -0.9753885     0.5260950     0.9458863      -0.89190       0.23598      1.082813     -0.373476     -1.321106     0.0615339      1.593685
     105     -0.912945     -0.105390     -0.751030      -0.35896       0.23477      1.476813     -0.716644     -0.708654     -0.872502     -1.093790
     106      -1.53470      -0.85126      -0.10581       0.04086       1.17244       -0.8216    -0.7799381      -0.75683     0.1957459      -0.15847
     107    0.77720879      -0.78914      0.913258       0.94251       -0.2624      -0.62253     0.1811690      -0.79153     1.9922047      0.140887
     108      0.792440     -1.267107     -1.750757       0.68726       0.51588       -0.7606    -0.5667756      -0.67994      0.227826      0.923852
     109     -1.544860      0.478745     -0.874167      -0.53093       -0.1604       -1.3614     2.8439385      2.424977     0.7522698      0.656015
     110      -1.04361     2.3773488     0.0183172      -0.12339       1.20399        0.2608    -0.7766036      -0.21892    -0.3760857       0.06465
     111     0.5544575     0.5327589      1.301201      -0.00410       0.95806      1.706661     -1.226022     0.7125705     -1.072332     -1.507075
     112     1.5846620     1.1354839      0.523372      -0.47693       1.50356      -1.36716     0.0673929    0.48517755     1.2871269     -1.526427
     113      -3.06414     0.1153703      0.317427       0.17368        -0.877      -0.04416     -1.540079     0.4205933     0.8925883      -0.73203
     114     -2.003941     -0.129781      -0.19850       -0.0806       1.30357      0.138595     2.0841228      0.380743     -1.087233    1.13361345
     115     -0.090344     -0.488770    0.27940135       0.11478       -1.5585       -0.8495    1.15200657      0.175927     0.6389859      1.020152
   Label          Mean         Sigma      Skewness      Kurtosis       Entropy           Sum          5th%         95th%           Min           Max
       1     1.7926130      -0.63909      -0.70339          2934       -0.9245       -0.6004     -0.912586      -0.01500     -0.108232      0.581238
       2    -1.1906512      -0.65382     0.3594610       0.69864       -2.3166      -0.60207     -0.253620       -2.0411     0.4487003      1.204127
       3      -1.94309      -1.56492     0.9521821       1.13533        -1.272       -0.9876    0.65941880      -0.24302     -0.521316      1.594137
       4      0.297799     -1.819448     0.2533139      -1.40525       0.74205       0.98199    0.43856199      0.927819     1.9642794      0.726679
       5      -0.37195     -1.093303      0.224450      -1.03503       -1.4387       -0.4618   -1.77831812      -1.30047    0.50115639      -0.47525
       6      -0.30663     -0.025916       -1.9541       0.18622         -0.00       -0.0452    0.34284631      -2.16492    1.91182951       -0.3033
       7     -1.434213      0.111529        -1.271       0.06639        0.5406       -1.3188    0.84542642      0.131092     0.3490836       0.40406
       8     0.5124341       1.12036       0.86045       0.48691       -0.7643       0.28633     -0.557833      -1.44875     -0.041376      -0.91281
       9      1.135141     -0.037709      0.045262       0.77520       -0.4181       -0.2565     1.1646711     -1.383678     -0.866955       -0.1336
      10    0.78478919     0.2497924      -1.15751       -0.9197       1.69446      0.316269     -0.618441     -0.484277     3.7402489      1.340271
      11     -1.636474     -0.458774     0.7228226      -0.27548       1.13905        1.7642    0.00756039      0.294739     -0.168662      0.882799
      12    1.49992516      0.934395     -1.082977      0.754363       -0.5787      1.748361     0.4762838      1.058128     -0.021059      -0.03233
      13    0.43077763     -0.030801      1.578913      -1.14219       0.68541      -0.58665     0.8610462     -1.797116      1.286126      -0.30936
      14    -1.2336731      0.716684      -0.19177       0.27713       1.22790      -1.09119     -0.736377       0.08040     0.5675153      -0.70361
      15     -0.793145      0.771335      0.983638      1.397273       -0.2951       -2.5822    0.52339028      0.759932     -1.466823      0.090380
      16    0.27530827     0.3403549      -0.46469      0.083433        0.6003      -1.77617    0.91108243     -0.365836     0.7645021      -0.70262
      17     -1.711764     1.1811387      1.641136       -1.8605       -1.2922       0.09417     -1.049360      0.760251     -0.797063      -0.51758
      18     0.2114349     -2.178225      -0.31992       2.01464       0.58688       -0.9991     1.0460151      2.063185     1.2746684      -0.58461
      19    -0.6575961     -0.370476      -1.04905      0.029215       -1.0056      -0.87523     0.3208187     -0.563622     -0.204384      2.148178
      20    0.36821948     1.1903232      0.437918       0.60297       -1.3491      -0.54697     -0.262253      -0.44662     -0.202908      0.159901
      21   -0.22261240      0.689592      -0.24779      1.083951       -0.0130      -0.59467    -1.2513907     -0.769383     -0.254310      1.202059
      22   -1.27187357     1.0401527      -0.09176       -0.8314       -1.3190      0.548995     -1.906232      -0.46151     -0.440361      -0.16312
      23    0.58118494     -0.614640     0.1203424       -1.2178       0.05769      0.608355     -0.351691      0.368665     0.1046323      -0.34428
      24    -0.0608174     -0.195020     -1.974247      -1.49916       0.43285      -2.08834     1.1583817   -1.40997113     0.0305252     0.4721359
      25     -0.636735     1.1625885      -1.37085      0.906766       0.14855       -0.1511     1.0116959     0.5392538     -1.204477      1.411810
      26      1.003996      0.103807      0.149687        1.3362       1.65817       0.61265      -1.16262      0.120250      0.820019      -0.83449
      27    -1.2058669      0.005778      0.112363       0.37782       1.23029        -2.182      0.099861      -0.20567      0.015749      0.167433
      28    1.02574954        0.5589       -0.0456       0.08911       0.10535      -0.13296     1.3220137      -1.91223     -1.401496      1.597636
      29    0.57365334     0.6306416       1.15818       -2.0183       1.43913      -1.16646     -0.982738      1.036242     -1.155715      0.530921
      30    1.42732938     -0.649593      -0.58908       0.67202       0.89632      0.341725     -1.581368     1.6102040     0.6224949      -2.35686
      31     -0.899787     -1.060034       -0.7776       0.25605       -0.7152        1.2249     1.1087379       0.07425     -1.053226      -0.00061
      32     0.4067597     1.1624573      -0.46429       0.07972       -0.9967       -0.4609    1.16833816      1.596203     -0.344974      -0.26413
      33      -0.76066      -1.52959      0.372760      0.472690       0.60444       0.02613     0.5292113      0.165381     1.2444590      0.374576
      34     1.4513351      1.072361     0.3590165       -1.2423         0.517      0.320761     1.9186195       0.74234     -1.131271      -0.79286
      35    0.96393692     -0.193112     -1.202890       0.49076       0.49364      -0.11854     0.8615962     -0.104233     1.8648153     -1.097509
      36      0.907922     0.9909861     1.2668665      -0.12525       -0.4129      1.740675     0.5465691    -0.5851352     0.8323518     1.5870825
      37    0.66638105      -0.72598       0.97942       -1.5375       0.77681      0.978327     -0.221968      0.277126     0.1502803      -0.53579
      38    -0.8576003     -0.278681    -0.6220121      1.513840       -1.3552      1.799211     -0.235410      -0.77103     -0.544245      -1.04096
      39    -2.0321673     0.8159891       -0.1536        -0.838       -1.3058      -0.56282     -1.251499     1.2985716     -1.896277      -0.95821
      40    -0.8830217     0.4751773      0.253774      -0.14479        -0.172      0.398071      -0.79543     0.4836647     -1.322762     0.5403055
      41      -0.50725     1.1283785      -1.22335      -0.45350       -0.8209       0.94021       -1.4112      0.884147      0.463217      0.565973
      42     -0.688159     0.4753405     1.7507218       -0.6913       0.25318       -0.2630     -1.100346      -0.82482     0.5248509      -0.04538
      43    -2.4529198     0.5322881     -0.317589       0.91774       -0.6436      2.306927     -0.948749     0.7662261     -1.075459     0.1949556
      44     -1.147510     1.2548487     -0.021103      1.494769       -0.0972      -1.62435     -0.843117    -0.3921689     1.3814994     2.7294621
      45     -0.114157     0.3180168      1.250112       -1.1413       -0.3156      0.669592     0.3531332    -0.0843225     -0.977400     0.1041899
      46     0.7128772     -0.718420      0.074477       2.08974       0.47733       0.59312     -1.036188    -0.5508756     -0.317466     -0.838677
      47    -1.2091004     -1.565774     -0.207879       0.83281       0.61678      0.676281    0.91208685     -0.858823     -0.683270     -0.235585
      48     -0.891257     0.2496710       -0.6631       1.11395       -0.8778       0.56254    1.67876039      -1.21522     -0.551323       -0.7681
      49     -1.060273       0.26068       0.50031       -0.7328       -0.5124        0.2424     0.3139617      -1.11137     2.3016345      -0.23344
      50    0.08811970      -0.62806     -0.258695       -0.9042       1.62823      -1.84718     -0.184949       0.66111     -1.597214      0.461015
      51      1.316506      0.296369     7.5122212      -0.03421       -0.2814       0.58017    -0.8635265      0.326813     -0.338525      -0.58162
      52     -1.156375       0.67452      -0.59064      1.077519        -0.028       -0.0030    -1.0978727      -1.00011     0.5469982      -0.09618
      53      0.058742     0.6510145     0.5218448      -0.35583       2.89438        3.1350     0.4403131      -1.43919    -0.8936101      0.581739
      54      -0.57660     -0.081702     -1.996745       0.43618       1.20844        -1.214    -0.3435000      -0.35902    -2.4848954      -0.47565
      55     -0.569164      -1.39355      -0.87454       0.24685       0.34138       0.32486     -0.575952       -0.8249     0.1453879      -0.39314
      56      1.036417       1.16430       -0.4726      -1.63348       0.18335       -0.6688     0.8222970      0.700099     -1.050609      1.048230
      57      1.392277      0.386223      0.610146        -0.520       -0.8591       1.25488     0.2411091      -0.09167      -0.06892      0.752761
      58     -0.215651     -0.498427      -0.30474       -0.1624       -0.4864       0.08828    -0.4915986      -0.45492    1.98653919      0.007260
      59      1.707986     -1.004764      0.754816       0.01131        1.6910       -0.4651     1.7923229      -0.58864     0.0076274      -1.15608
      60     -0.034551     -0.206823      -1.10938      -1.84599       0.89640       0.49513    -0.6963385        -0.106     -0.725203      -0.13807
      61    0.25004268      0.353115      -0.50097      -0.20980       0.51611       -0.6593    -0.5555571       0.08185     0.4947622      -0.42394
      62     0.7965307     -0.070064       -0.6727       0.09441       -1.4566        -1.835    0.33902512       -1.7763    -0.8019470      0.998670
      63      0.331694     -0.849966      -0.01499      -1.43389       -1.1391       -0.1678    0.58744955      -0.03372     -0.084294      -0.65034
      64     0.0745182     0.7960178      1.103748      0.342773        0.1219        0.3551    0.52536020      -0.48177     -0.369111       -0.6634
      65     -0.628799      1.883029      0.784937       -0.6847       0.04231       0.30748     -0.089958      -0.96375     1.4465286      -1.18842
      66     0.8683403      0.054036      -0.81347       -0.1615       -1.8504       0.27497    0.72846460      -0.53006     0.2978579      -2.49889
      67     -0.531395     -1.337401      0.925292      0.194313       -0.0472       -0.1892      -0.24288      0.785062     -1.041752       0.93225
      68   0.699588894     1.0307543      -0.34793      1.081485       1.00078       0.44959     1.1228697      -0.44130     -0.073147       1.34759
      69   2.017390380     -1.646634      0.937043      -1.25811       0.21029      -0.58789    0.20568904      -0.29823     0.3940734      0.649744
      70     -0.348155     0.6685633      -0.28757      0.684819       1.17745      0.165085       0.23311      -1.80272     -0.771890      -0.62265
      71    -0.1506596     -1.400022      -1.30106      -0.07710       0.20782      0.986195      1.432756     0.5282584     -0.367731      0.691720
      72     -0.798346     0.2138177     1.7899759      1.473573         -0.30      0.970363     -0.387917    -0.6151060     -1.609337    0.53689016
      73     0.3059407     0.9844940       0.80592      -0.29952       0.86310       1.88073    2.30128376     0.7724558     0.2884758      0.388664
      74     0.0833896      -0.57556     1.5772914       0.76250       0.14649       1.48762     0.8397314      -1.25627     1.2366387      -0.40943
      75     -1.317582      0.289859    -0.3101969       -0.7444       1.58354       0.05972     -0.052223      -0.25136     -0.392982      0.188779
      76     -0.321143      3.238343       -1.0543        0.1172       -0.4702       -0.7025     -0.667938      0.027655      0.931194       1.19450
      77    0.69664152      -0.42368       1.92173      1.777733       1.76315       -0.4714     0.6214346      0.710254     0.5849327      0.568754
      78    0.54902270     -0.302431     1.2073170      1.377666       0.63628      0.055297     0.4058171     1.2484572     -0.127481      0.699435
      79   -0.73525046     0.3792160     -1.274661      -1.13691       2.08848      0.131646     1.1037148     -2.676841     -0.237698      -0.17578
      80    -0.5582385     0.1396555      -0.86634      1.255861       0.65893      -1.14435     0.4846547     0.3145199     1.6108814      1.055868
      81      -1.11831     -0.777175     0.9944350      -1.32151        0.5999       -0.6783    0.50894507      0.538264     0.3745336      -0.74681
      82    0.03353786      1.220222       -0.1845      0.446674       1.64874      1.909528     1.5546894      0.142777     0.1028033      -0.17660
      83      -0.51206     -0.163950     -1.410965      0.578024       -0.2846       1.13126    1.05000343     1.3930157     -0.776809      -0.22667
      84     -0.730212      -1.55909     -0.670202      -0.79274       1.13060      -2.73914     0.5103149    -0.2536193     -0.457662     -0.306036
      85     0.4657575     -0.097975       2.37823      0.196845       -0.4708       -0.5296    -0.2161756      1.590556    0.54311372      1.377037
      86     -1.264210      -0.48714      0.069628      -0.20050       0.70297       1.05150    -0.3661232      -2.87205     -0.922819      -1.20050
      87    0.58252055     2.0434699     0.3430748       1.81977       0.33801      1.122974     0.3241130     0.7553743     -0.926992      -0.31009
      88     1.5081115     0.9297092     -1.355190        1.0751       1.23166       -0.2756     0.3340435     -0.574060     0.3083972      0.157116
      89      -0.38530     -0.040527     -0.542537      0.688969       -0.6442       0.35404     0.2808102      -0.78814     -0.398811        0.3125
      90    1.37442468     -0.640502    -0.1238548       -0.1862       -1.7534      -0.14788     0.7519208     0.7813188     -0.480034      0.535709
      91    -0.2488518     0.3575317       0.93597       -0.6637       0.47973      -1.63983     0.9753386     -1.545800     -0.063731      -0.18964
      92    0.86167039     1.7891854     -0.188015       0.00858       -1.0586      0.565174     0.9979772      1.176571     -0.996084      -0.87348
      93     0.9046195      0.939172      -2.04999      -0.81656       -2.1948      -0.19118      0.141689    0.34913395     0.4520692     0.6572623
      94    -0.1007276     -1.511881      0.213768      0.751167       -1.4124      -0.96778     1.2012087     1.6301519     -0.465058      -1.30430
      95    -0.5983574     -0.828955     -0.457227      0.822761        -1.922      -2.04354     1.9429538     -0.804436     1.1836577    -1.8452509
      96     0.8586039      -1.41394      -0.98735       -1.3966       0.54472      -1.04119     -0.998422     0.6736533     1.5678952      0.429321
      97    0.26104133      0.779849     1.6677782      -0.24831       -0.9778      1.843094     1.4149011     -1.214129     0.8132614      0.407516
      98      -0.07101      -1.15237     -1.410831       -0.5475       -0.0720      1.641049     -1.398924    1.01822315     0.2129087       0.81592
      99    2.02257577     -0.443571     0.1379076       -1.6816       -0.6698       1.56172     2.0246659    0.16717911     -0.052199     0.4608289
     100   0.297026599     2.2525530     -1.010409       -1.6849       -0.7449      -1.37775     0.1135550     0.0563437     -1.493274      -0.03294
     101    -0.2937769      0.239871     -0.640937      -0.40050       -0.2878      1.328912      -1.13505     -0.582493     0.0648412      -0.07262
     102    1.15632914     -0.303333    0.34648198      0.032758       -0.8538      -0.30739     -0.028744     -0.799035     2.5962535     0.2234464
     103    1.04556737      1.665770       2.00437      -1.80310       -0.6410      -1.40127     -0.490644      -0.35656     -1.471786      1.110337
     104     1.2747583     -0.707217      0.680508       0.85405       0.66155      -1.35810     2.4453780    2.08721374     -0.489235   -0.46318413
     105     -1.330769      0.614835      -0.00319      0.482006       -0.4211      -1.26234     -0.960920     -0.617274     0.1492273    -0.2275602
     106     0.7789258     0.6781632     0.9340219       0.29661       1.85597       2.14398    -0.4913910      -1.05760    0.76694846      0.587343
     107    0.80252668      -0.49776     -1.024300      -0.15664        1.7365      -0.20218      0.696082     -0.562904     -0.879746      -0.80052
     108     -2.251580      -0.65548     0.8834421       0.04332       -0.8460      -0.05358     0.2598135    0.83233234     -0.731333     -0.007587
     109     0.3328872     1.0534759      -1.25067      -0.30581       -1.7988      -0.83964     0.3371342     1.7092076     -0.238185     -0.401594
     110    -0.9994622      -1.36678     -0.861715       0.62071       -2.0958      -0.20605      -0.68315      -1.04550     0.2378836      -0.79226
     111     -1.087602       -0.5835     -1.544487      -1.64461       -0.7966      -1.14517     0.8911211      -0.08191     -1.164056      -0.10602
     112    0.70113292      0.576401    1.71465509      -0.80265       1.28293      -0.36910     0.0763406     -0.858448     -1.038170      1.816777
     113    1.89128734     0.2958736     0.8343563       0.21478        1.5819      -1.78078     1.6301521     -1.680121     1.5990507     2.1399184
     114     -1.253119     -0.708827     -0.012307          -153       0.83464      -2.16917     -0.157035    0.66621114     0.7856489     0.6501947
     115     -0.452524     -0.410956      -0.56393       2.52912       -1.0307       0.24257     -0.317011      -0.16373    0.32107287      -0.58167
   Label          Mean         Sigma      Skewness      Kurtosis       Entropy           Sum          5th%         95th%           Min           Max
       1    0.03759212     -0.449014      0.733294      -0.40065       0.05759       0.00521     1.8849653      1.853945     -1.199395      -0.79851
       2    -1.4611194     -0.388973      -0.12775      -0.73145       0.31187      -0.55014     -0.090964     -1.902716     0.6000322      -1.01013
       3      -0.48908      0.578704      -1.46831      0.990631       0.23223       0.22134     -1.440265      -1.37175     0.0344744      -0.33548
       4     -0.616042     -0.159118      -0.93066       -0.1834       0.50201       -0.9276       -0.8783      -0.15852    -0.5014561      -0.11895
       5        0.0237     -1.767222      1.541429      -0.24398       0.03671       -1.2418     -0.300653      -0.34695  -1.085353445      -0.27614
       6      -1.59731     2.2238208      0.167005       0.43432       0.23064       -0.8545     0.0214996      -2.71039    -1.0668008      0.528867
       7       -0.3105     -2.223395      -1.49682        0.8011       -1.8046        0.0226    -1.8698605      0.858274     0.4871400      0.888690
       8     -0.376589      0.344320      0.180605       -1.3348       0.06167      -0.71081     -1.251210     -1.168939     1.0947317      0.810167
       9    -0.3870506     -2.072848    0.56869742       1.14683       0.62039      -0.26406     -1.432205     -0.100108     -0.911963      -0.80469
      10    -0.0920210      -0.65055      0.058193       0.91407       -1.5172       0.25263     0.3978660     -0.303545     -2.055643     -0.890918
      11    2.26633332     0.7092052      -1.21211      -0.39875       -0.4507        0.0823     0.2881717     0.7861824     0.1128911      -0.89094
      12   0.883382433     -0.787765      0.534903       1.80161       0.12283       -1.6826     0.6066016      0.381722      -1.07266      0.613456
      13      0.044225      -1.09095      0.160346      -0.18200       -1.8513       0.20987    -1.6067358      0.457304    -1.4484816      0.456751
      14     0.0996180     -1.512339      0.443989      1.028667       -1.5866      -0.96462     -1.163628     -0.401439     1.3560197      -0.09615
      15      1.295251      -0.29661       1.16828       -0.7160        -0.501       -1.7534     0.7001289      -0.27003     -0.579190      -1.14048
      16       0.50101       0.22576       -1.0890      1.280058       -0.0988       -0.2701       1.74506       -0.1805     -0.202377      -0.39255
      17     2.1464021     2.1364054      0.974229       -0.1897       -0.6628       0.41396    0.03192482      -1.59365     1.1438144      -0.50953
      18      0.648794     -0.118629      -0.07282       -1.3434       -0.8800        -0.653    -0.0220128      0.338299    -0.2887550      -0.76208
      19    1.05316615     -0.009185      0.475760        0.3739       -0.8792      -0.63884     0.8555868     1.9557535     0.4732915      -0.67508
      20    1.22850526      -1.64202      -0.84033           272       1.27104      -0.42630     1.5138224     -1.716694     -0.657083      0.334034
      21    0.19305896     0.2780797   -0.03249054       -0.6266       0.99419      -0.66385     -1.256025     -0.110645     -2.571591      0.830995
      22     0.4911272     -0.073353       -0.6892      -1.80830        -1.724       0.67967    0.09840744      0.378364     -0.142995      0.303802
      23     -1.594896     0.6436617       0.36087       0.89132       0.11243       -1.0149     0.4743039      -1.17982    0.98995706      0.317621
      24      -0.66049     0.3721105       1.59266       -0.9849       1.69639       0.09782      1.105335      0.292173     0.4812557      1.798162
      25    0.18747991     -0.148836     0.1884255      1.095687       -0.2140      -0.92277     -0.225321    0.57435764     -0.013643     0.4142338
      26      -0.75271     1.3603767       0.38637       0.38851       0.03052       0.61371     -0.082252      -0.14421    0.79237768      -0.30227
      27     -0.056341      -1.38605      -0.23750      -1.24413       -0.9386       -0.6696      1.905035      1.110404     0.3240493      0.305028
      28    1.18639776     -2.075663       -1.2393       -0.0588         -0.77      -1.29818     -0.421712     0.6229811     0.9517732      -0.06984
      29   0.290029258     0.6145536      -2.58690        0.6404       -2.0766      0.320535     0.5419481     0.5979456     -0.584668      0.592992
      30     0.5854927     0.9637006      -1.56303       -0.8311       0.33329       -0.2168    0.68839078      0.471355    0.20729520      0.445453
      31     0.1776541       -0.8762    0.53006968      -0.63860       1.55048       1.06614    -0.6892189      0.157076    -1.4273229      0.093412
      32      1.554828      0.186818      0.942816       1.22444       0.13703       1.11724     -0.211088      0.224259     -1.518793      -0.73612
      33      -0.35774      0.548157      -1.11528       0.15617       -1.5996       -0.3988    -0.6999428      1.590844     -0.765680      -0.15870
      34   0.891212823       -0.7209    0.42712280      -0.11980       -0.9222      -0.77322     0.7505224      -0.60355     0.7535724      0.026708
      35    -0.8550536      -0.07494      2.114536      0.063345       -0.7875       0.32777    -0.3882445      -1.39512       0.37005      -0.99743
      36     1.2367346     1.1162991      0.675240       0.02245       -0.8710       0.28743    -0.7621848      1.070725     -1.376651      1.451719
      37     -0.108009     -0.692174       -1.1465      0.567930        0.4238      0.739115     -0.107992    -0.5842820     0.1031646      -1.21682
      38      -0.16890      -0.83911      1.279856        0.4643       -0.4047       -0.5184     1.0537833      -0.63514     -0.139311      0.564171
      39     -0.767909     1.2633590      0.258467      1.580017       0.00678       2.78736    0.40613259      0.187248     -1.330029      0.260543
      40     -1.385539     -0.288420      -0.32935       0.89368        -0.309       -0.2800    -0.7868359     -0.366937    -0.5587727      1.813974
      41     -0.857214     -1.150420      -0.62357      1.088110       -1.9397       1.39236    -0.9303135      -0.99398    -1.3297078      0.447175
      42   -0.69612784     0.1583190      0.012704      -2.41588       -0.0911      0.379855    -1.2875482      -1.34305     -0.093361      1.559345
      43     1.4305896     1.7105297      -0.87232        0.5540       -0.5391      0.691636     -0.092337    -1.8540602     0.5687335     -2.077860
      44    2.34761591     2.7061249       -0.6513       -0.0497        0.0797      0.367922     0.5917341     -1.653669     -1.030445      0.840861
      45    0.45002585     -0.659839      -1.32392      0.363846       -0.4190       0.98435     1.0655906    0.70165443       0.32010    0.28887840
      46    0.88259776     -0.729965      -1.59121        0.5951       0.27333      0.298112      -0.13263      -2.25107     2.8935925     2.7421552
      47      -0.51021     0.8333511    0.08892212      0.253388       0.34329       1.07350     -0.669049      0.715353     0.7076616      -2.54871
      48      1.468340     0.6574194       -0.5822       0.04788        0.5124       -0.2843      0.525410      -2.05087    0.21190857      1.110507
      49     0.7513543     0.2178671       -0.7805       0.07035       -1.1863       0.12060      -0.17441      0.499441     1.3888424      0.850541
      50     -0.831535     -0.967498     -0.865728      -0.87044       -1.0385       1.99151    1.29962918      -0.59207     0.0496593      2.478005
      51     -1.778694      0.395753       2.00327      0.148823       -0.5513       1.26986     2.2607476      -0.18291     1.1934555      -0.95933
      52    0.26396656     0.6390335      -0.45165      -0.52973       0.63291      0.874996      -1.04936     -0.607351      0.418137      -1.54177
      53     -1.025194     0.3259748     0.8051442       0.27373       -0.0759       1.68247    0.20218717     -0.527961    -2.0712643      0.526165
      54     -0.450283     -0.348753      -0.10561        -0.861       0.47313       -0.1388     2.6521396      -0.65624      0.279561      -0.60771
      55    0.72981361     -0.887187    0.07732724       0.07341         0.416        -1.879     0.5754588      0.102062     1.1843037      -0.79484
      56    -0.1259030     -0.960346      -0.84391      0.628341       0.53721      -0.14037     0.1416416      0.311968     0.7690851      0.584285
      57     1.7885926     -0.024631    1.49028979      -0.32107        0.5608      0.270785     0.7666687     0.0333484     1.7605723     -2.033585
      58     0.8602361     0.6981684     0.7682132      1.751795       1.32607        -1.404     1.1251363      -0.44106     0.2202241      0.448111
      59    -0.8450905     -1.370429      0.155500      0.144509       -0.5759      -0.91280      0.005986     -0.300339      -0.05701     1.8480322
      60      0.583376     1.3381854    -0.6216374      1.604658       -0.0214       0.13288    0.06152690      0.367316    -1.5476332      0.001386
      61     0.6810428     1.4284017      0.452340      -0.66544       -1.3784       0.33179    -1.8075296      -0.13647    0.53465644      0.104580
      62     -0.260702     -1.895433      -0.04628      1.058772       -0.2456       -0.4146    0.40439780      0.703427    0.88882233      -0.87086
      63      -0.48585     0.3027423      0.999542       1.40671       -0.6049       0.89417   1.326865628      0.286593    -0.2176141      -0.97313
      64      1.079812      -0.00702       1.45810       1.78907       -1.3325       -0.4678      -0.10298      -1.04640     -0.816730      1.517986
      65    -0.6177956      0.262858      -1.90042       -0.6660       -0.7937      -0.80927      -0.12786      -0.13545     -1.478833      -0.49290
      66    0.79494725     -1.092213     2.0865146       1.31665       -0.4664      -2.13731       -2.1549     -0.750371     -0.728036      -0.94893
      67     1.7538009     0.9752030       0.91379      -0.70630       0.84539      -0.00143     0.1132885    0.46810072     2.8477821     -1.440208
      68     -0.169751     -1.805318    0.60802203       0.21820       2.17547      0.577049     -1.473180    -1.2467574     1.7860628     -2.306582
      69     0.9921342     -0.915632      -0.24389      0.034812       -1.2067      -0.78227     -0.082558    1.72933801     0.6582761    -0.7931034
      70     -0.017550     -0.800560      0.161038       -1.0360       -0.3404      1.775565     -1.254536    0.78621585     -0.278880     0.6934560
      71    -0.1319567     -0.040288      0.033678      1.406867       1.05533      0.211095     1.4463938      1.192293     1.1195515      1.231123
      72    -1.3231718       1.71518      -1.17357       -0.1135       0.70455      -2.08699     0.0766464      1.063673      0.230402      0.800850
      73      -0.51815     -1.544308    0.10980726      -1.19519        -0.289      -0.86450     0.2270224    -0.8240013     -0.430445     2.2814129
      74      -0.00820     -0.191369       1.26051       0.49889       1.41000       0.41530     0.3919577      -0.22239     1.4354037       0.33472
      75     0.0187636      2.100733     -2.074789       -0.6264       0.85508       -0.8143     -0.692897      0.615313     0.0698009      0.714195
      76    -0.6210466     0.0066307    -0.5005974      -0.99277       -0.9868       0.75906     -2.312601      -0.32317     -1.073911      0.309866
      77     -0.310434     0.6358830      0.427389      -1.81292       0.52038         -0.39     0.0123556      -0.28632     0.4893341      2.275657
      78     -0.110541     2.2547770    -0.6119643       -0.3309       1.24196       0.16210    0.71056643     0.3670042     1.6667300      -1.36326
      79      -0.98213     0.4086197      2.777052      -0.61456       0.55405        1.8690    0.99026401      2.301561     -1.593147      -1.10628
      80        -1.995     -0.520461     0.2726408       -0.8414       0.30068       0.29613    -0.7074389      0.500652     -0.629601      -0.82065
      81     1.0939928     1.9104747     0.9327850       -0.5315       0.55452       0.97254    0.53084280       -0.1949     -2.647680      0.717493
      82      0.023271     0.0978933      -0.61339       -2.1508       -0.1410       1.13590     0.7163322        -0.574     0.0502101      -0.37355
      83       -2.0139     0.1682394     1.4834634       1.90611       -0.2173       0.58437     -1.837846      -1.19830    0.40265519      0.484106
      84    -1.5338435      -0.87417     -0.796323      0.743140       -0.2590       0.04178      1.099241      0.534623     -1.010088      0.067229
      85      -1.07617      0.126054      1.175138      0.867448       0.69906       0.47450     0.9590749      0.282233     0.7595539      0.154724
      86      0.532075     0.2549699      0.992710      1.069916       -0.5312       -1.0333      -0.18709       1.89601    0.68077642      -2.31574
      87     0.7336715     -0.946280     0.0981719      -1.52506        -2.345       1.70054    1.00426998      1.565576     0.6152849      -1.46456
      88    2.08249261     -2.801562    -0.1286971      -0.65383       -0.6938      -2.28739     -1.466861     -0.402087     1.4189313      -0.94641
      89     0.4913118     0.5367851     0.9382075      -0.58128       1.19575       -1.1329    0.65096351     -0.711720     -0.771000      -0.59921
      90      -1.54017     -0.944260   0.342426154       0.68143        -0.124       1.01572    -1.5281439     -0.066102       0.73156      0.842538
      91    0.00080301     2.2428746      0.218727      -1.14232       0.29772      -1.50098    1.02454950    -0.3220265     -0.417242     0.2832834
      92     -0.116927     -2.020306      -2.24102      -0.32870       0.21668       0.54838    -0.2692181     -0.839024    0.10634972      -0.85080
      93     0.0209558     -1.535323      -0.33103      -1.90040        1.8595       -0.4674     0.9653177     -0.469674     -0.033481      0.106215
      94    -0.8038338     -0.472195      -0.38824       0.62251       -0.7744      0.363965      0.652260     -0.729590     0.0957832     0.5945119
      95     0.5477951     0.3150491     1.5885621       -0.9621       1.99920       -0.9989    -0.6566905      0.636490     2.2583775      -0.90269
      96   -1.51556738     0.0213737      -0.50279      1.982763       0.39415       -0.6981     0.8335066      0.711611     -1.517151      2.819087
      97     0.5600134     -0.018458       -0.1278       1.91798       0.33935       0.23229      -1.80383      -0.63690      -1.67274      0.208856
      98    0.53329199      -3.25303       -0.1307      -1.76031       0.49777      0.410435     -1.124970      0.010014     0.3015891      0.234380
      99     2.0520051     0.3507567      -1.33699      0.063344       0.15072      -0.07027     -0.242681    0.98363484     1.9634440     1.4994471
     100      -0.69432      -0.65084      0.647849        0.3000        2.0884        0.5633     -0.829616      -1.46715     0.2082219       1.75099
     101    -0.7937163     0.0172081     0.1754154      -0.62203       1.07912      1.263855     0.0436130     -1.862259     -0.480382      -0.05948
     102    0.08757814        -0.024       0.12122      -0.71631        -0.037      0.780678     -0.656597     0.6070647     0.5572841     0.9976115
     103      -0.29655      -1.87991      0.464719      1.694618       1.57588       0.95590    1.73205085      -0.32454      0.947864      -0.60364
     104    -0.4768387     0.4616824      -0.31731       -0.9020       0.81412      0.215341     1.4303152     -1.323600      -0.42071      -0.51725
     105     -0.232677     0.7213456      -1.15926       1.07083       -0.4989      1.158251     1.5010553     1.8429617     -1.013259      -0.37642
     106     0.7476215      0.943633      -0.42556       0.80577       0.05685       -0.5513    -0.6041884     1.2349686    -0.1031105      -0.36885
     107     1.8925694      0.187349     -1.234354       0.10513       -0.2218       -0.3398     0.3096571      -2.26531     0.2349637      -0.99721
     108     0.5304469      0.570398    -2.6851248       0.48954         0.641      0.233037     -0.760631    1.24365175     0.8502710       -0.9541
     109     0.1333112      1.395899     1.1488326       1.08959       -0.1406       1.18391     1.5552015      2.048984     0.6859347      0.440692
     110     0.5480592      -0.08529    0.03145233      0.018998       -0.4996       -0.0061     -0.159635      0.450391     -0.120499      0.385565
     111      0.456092     0.2837323      2.365601       0.98268       -1.5822       -1.2685     0.9432033      1.096016      -0.29634      0.228370
     112      -0.04519      -0.16996      0.769551       -0.9885       -0.7158       0.68835      -0.72300      0.032248      0.336368      -2.00934
     113     0.7131071      -0.00219      1.894765       2.49894       -1.5316       0.02923    -0.4440563      -0.12241     -1.093950      -1.12131
     114      -1.95739     -0.679315      0.477698      0.400153       2.71738       1.44854     -1.040540      -0.15783    1.43828149      0.732107
     115      0.226002     -1.102077     -0.129925       -2.2857       1.41229       0.69880     0.6298732       -0.2360     -1.248388      -0.10457
   Label          Mean         Sigma      Skewness      Kurtosis       Entropy           Sum          5th%         95th%           Min           Max
       1    0.69589574     1.5760393     -0.441135      -1.50539       0.59968       0.99356      -0.04286      0.642214     1.8470306      -0.37099
       2    0.62476783     0.4936032     0.6920930       0.24500       1.05035      -0.09703     -1.575814     0.3210170     0.3906207     -0.086061
       3      -0.37645     0.2753692      -1.46987       1.32687       -0.2894       -0.2907     -0.339979       -1.4022    0.32638255       0.20341
       4      0.986495      0.158883      0.247486       1.92955       -0.2512       0.16641    -0.5581070      -0.36005     -0.036220      -1.48365
       5     -0.236285      0.532064      1.122364       0.59121       1.97029       0.73109     -0.577928      -0.16370     1.0088128       1.79577
       6     1.2472120     0.6263741     1.5683207      0.490524       0.46405       1.00089    0.14780073      -0.38694     -1.330637      -0.80347
       7     0.2630404      -0.16785      1.806457       -0.8576       -2.1553       -1.3067     -0.664313      -0.97969     -0.491582       0.22054
       8    -0.2862849      -0.44644      0.212338      -0.39741        0.7063       0.06541     -0.227331      0.489051     -0.867503      -0.46504
       9     -1.022742     -0.370077    -0.6568738       -0.1065       -1.0788       -1.1568    1.63845118      2.238762    1.56393772      0.140801
      10    -2.0175496      0.919058      -0.04413        -0.416       0.52212      0.561341     1.5624317      2.088828     0.3303956      -0.63034
      11      0.194241       -1.3238      -0.36609      -1.06112       0.93892       1.27464     -0.251977      0.488770    0.39065011      0.793533
      12    -0.0389722      1.085840      -0.52542      1.050736       1.22260      -0.03337     0.4530178      0.092786     0.5982849      0.676389
      13     0.2604717     -0.224019      0.825004      0.462313       2.38276       -1.0770    1.94634904      0.419160     0.8052949      -0.61490
      14      -0.40175      0.363118      0.031151      -1.37956       0.08052       0.08864    -0.4576448      1.031117    1.22299644      -0.81420
      15     -0.301462      -0.55592      0.179861      1.030307       0.44361       -0.1649     -0.506946      1.524929     1.3061884      0.494036
      16      -1.20967      0.986077        0.1471      -0.97413       1.41398       0.54187    -1.3418852      -0.25155     -0.144955      -0.53061
      17     0.6294111     1.0513406      -0.36547       2.03260       0.26763        1.8180     0.4802259      1.039288     1.4578758      -0.57614
      18     1.1174095     -0.821369     -0.035255       0.12390       0.85798       -1.7309     0.1855820      -0.01971     -1.621492      -1.72920
      19     -0.274889     -1.501111      0.303394      -1.07824       -0.4387       -0.6078     0.2387072      0.414893     -2.095657       -2.1056
      20      0.788022     -1.031112      0.441733       0.35026       0.18474       0.05139    0.42651238      -1.15949     0.1302358      0.425972
      21     0.7947298     0.6801946      -0.18187       0.19901       0.20878       -0.7131    0.13940966      0.229994     -0.382562      0.134935
      22     1.1704887     -0.569884      2.360612       0.16363       0.63123       1.00404     0.3375586      -0.61975     -0.165302      0.686348
      23     0.4788779     -2.719938       1.70091        -0.294       -0.6326        0.5906     -0.746269      0.484516    -0.8912813      -0.07505
      24     -0.008982     0.9590939     0.6625676      -0.29416       -2.0963        -0.786      0.430062      0.748611     -1.035397      0.141397
      25    -0.2661281     1.4735759      1.235114      0.422511       -1.9621      -0.21405     -0.418429     0.0550247     -1.440748      1.183870
      26  1.5657402311      -0.21894     -0.250793      -0.40450       -0.0023       0.60063     1.5345796       0.05044     0.0044315      1.406048
      27    -1.1693475      0.999194      1.006265      0.656830       -0.6176      0.620002     0.5898063      1.740310     -0.169439      0.668277
      28    -1.1084184     0.2549547       -0.0292      -0.59311       -0.3238       1.91938     0.4968837      0.118606     -1.103973      -0.49703
      29    0.31294075     0.2261650     1.4631089       0.02526        -0.138      -0.01699     0.0970424     -0.061843      0.167654      0.653907
      30    1.30242841     -0.410169     -1.331084       0.61735        1.5691      -0.08208     0.6818806     -0.725774     0.2043997       -0.4432
      31    -0.3160808     -0.611368      -0.40694      -0.36914       0.18065      0.135074      0.968621      -0.09431     -0.947628       -0.2342
      32     -1.091390     0.9971762      1.086480      -1.29902       -1.3042       1.18255    -0.4295210      0.082418    -2.1395127      1.246867
      33    1.80531186      0.316882      -0.97156      1.646764       0.14639      -0.24242     2.0239958      -0.91566     0.6464773      -1.19992
      34     0.7837968      -0.53790     -1.217081        2.0128       0.09853       -0.9425     -1.525284      -0.75117     1.1531653      -0.09281
      35    -1.1115367     1.5533571      -1.02756      -0.07171       0.44552      -0.12185     0.1908489     -2.272159     -2.914498      0.390935
      36  -1.165738492      0.811856      -0.96284      -1.56796       -0.1519      -0.43238     -0.035762      1.512819     -0.775994      -0.27176
      37      1.019646     -0.435243    -1.0154565      0.185910       0.56315       -2.4189    -0.7168199      0.575042     0.4807361      0.370112
      38     -0.162447     -1.302507      -0.19211      1.660738       0.86871       -2.0151     -0.996904       -1.0342     0.8795210      0.712504
      39    1.77218717     1.2461230     -1.163625       0.06157       -0.5764      -1.59293     0.7156855     0.9248515     -0.366146      1.521628
      40   1.297954675     -0.253514     -0.382462      0.973071       1.06971      -0.54441     -0.063071       0.89381     1.8379159      0.584678
      41    1.60454623     0.5666130     -0.775987      1.084888       2.24198      -0.92475     1.1288898      -1.12879       -0.7247        0.6235
      42   1.437966464     0.2741418      -0.50446      1.106670       0.69330      0.367372     -1.540744      0.117619     -0.805782      -1.56928
      43     -0.299788     1.9262717      0.817812      0.040503       0.05899       -0.0478   0.398569027      -0.26685    -1.0640323      -0.62244
      44   0.629624727      0.482573      -1.07294         -0.12       0.59379      -0.79654     1.6330581        -0.891     -0.364629      1.681920
      45      -0.40813     -1.478253     -0.810588       -0.7057       0.90543       0.28875     -0.145494      -0.07407    0.17425317      1.332829
      46     -0.385866     -0.782070     -0.284641      -0.39407       0.30738       -0.3806    -0.3190285      -0.70778     -0.744387      -0.47869
      47     0.2677618     0.6376656     0.2610730       -1.4624       1.16551       2.85442     -0.294132      -1.04289     0.2290677      1.165685
      48      -0.47485      0.714228      0.031853      1.309733       0.54281       0.37179     -1.579588      -0.39590    0.35412546      2.262335
      49     0.8236822     0.4947747      -1.13109      -0.20180       -2.0399       -1.5434     -1.049820      -0.84914     -0.494712      -1.12743
      50     0.0913119      -1.22154     0.6851826      -0.82404       -0.1968      -0.29067     -0.887264     0.5176340      -0.79107      0.371309
      51      -0.58168      -0.00812      -0.57770      1.634844        0.8952       2.73084   -1.37464657      1.767878     0.4102533      0.622930
      52     0.0110567     0.0718604      -0.30250       0.94336       -0.0144       0.80305     0.3269113      1.910957      0.365076      1.208716
      53    -0.3232216     -0.683521      0.322612      -0.11411       -0.1201      -0.30957     -0.435526      1.808706     -0.811745      0.253080
      54    -2.0931010      0.841545      0.514486      1.007383        -0.661      -1.55664     -0.325437     2.4027767     -0.122404      0.363628
      55     -0.282560      0.866375      -0.99007       0.10419       0.26351       1.27593     1.7087602      -2.24154     -0.238962      -1.52200
      56     -0.733373      0.667023     1.1550793       1.23727       -1.8809       -1.3440     -1.286985      -0.78300      -0.02907      0.471154
      57     -0.054627     -0.403385    1.24534511      -0.97682       -0.2792         -1.19    -0.5456929     0.6241171    -1.8421170      -0.66532
      58    -0.6146621     -0.426808      -0.00898       -0.4868       -0.6508       -0.0979     -0.167825      -1.60434     -1.779199      -0.57256
      59     0.6999460     -0.196706       -0.7464      0.937748       -2.6254       0.74616    0.67411001      1.014267    -0.0807142      -0.22164
      60    -0.6463591      1.374084      -0.91291      0.479711       0.74236       0.23154     -0.906963      2.481945     0.2266194      -0.13791
      61    -0.5415492     -0.804591      0.930627      1.543065       1.38178      -0.16666     -1.658582     -0.554349     0.5066834      0.152475
      62     -0.372381       -1.1170      -0.42781      0.939183       -0.9207       -0.4426     0.6806536      -1.03617     -1.751113      0.534143
      63      0.699832       0.21283      -1.44312      -0.12563       1.57635       -1.4365    0.27732605      -0.56461      0.210231      -1.21281
      64     -1.683700     0.5489390      0.133089      0.233366       -1.4844       0.43188    1.26785168      -0.54038     0.3364906      -0.50047
      65     0.8905863      -0.82649      -0.12521       0.85691       0.46182       -0.9493     -0.038844      2.372396     -0.098936      2.267859
      66      -0.40394      -0.59369       0.32667       1.18011       -0.9273       -0.2727     1.8327726      -0.24720     1.2102900      2.070525
      67     -1.989334     0.0915268     -2.376399       -1.8182       -0.2320       1.25681    -0.6223134       1.48988     -0.075390      0.287330
      68    -0.0102105     1.1518110     -0.080402      1.267674        -0.866      -0.86033     -0.173846     -1.140832     -1.127169      0.584292
      69    0.21154549     -1.030185     1.1857584      -0.56586       0.24915      -1.17878     -0.473499     1.0643399     1.2675053      -1.07830
      70     -0.496034     -0.463168      -0.60462       0.82068       -0.3809       1.31615    -1.6340002      0.477677     0.9794150      -0.81391
      71    -0.3134442     -1.141680      -0.78245      -1.01500       1.07154       -0.8518     1.7285817      1.171279     -0.614941      -0.18323
      72   -1.33505576     -1.747210     0.8160647      0.476230       0.23507      1.428692     0.0434120      -0.12689     0.0345981      1.184819
      73   -1.30952433     -0.186802       1.96932      0.150065       -0.5240       1.78466    0.03190782      1.121287     -0.365737      0.779844
      74      -0.41265       0.52117      0.943156       -1.2187       -0.6661       0.47242      0.661290       -0.3620     0.8768080      1.694051
      75    -0.3763598      -0.91997      0.397111      -0.07204        0.2053       1.13206     -0.300081      0.945866     0.9685736      -0.57777
      76     -1.632843     -1.743075       1.40798      3.132029       0.46381       0.55449    0.79921614      -0.25359     0.0876906      -0.66095
      77    0.54957045     0.7719333     0.6919213      -1.11000        1.3320      0.648789     -0.000604      0.128801     -1.178164      -0.07410
      78    -0.0462857     1.2569170     0.0560670       -0.1257       0.04937      0.050467     -0.602569     0.4343255     -0.751531      -0.37450
      79      -1.57534     0.3046129      0.077510       -1.0060       -0.4440       1.16114    -0.2690902      -1.66305     1.6361299      1.320057
      80     -0.089035     -0.500469     -0.935624       -0.1194       -0.0878       -1.4780    0.12524021      0.195832    0.88675505      0.013923
      81    -2.0943806      -0.38552      -1.40897       0.07644       -0.4124      0.482789     0.6660297      0.104909     -1.563505      0.958642
      82   -1.54197229      -0.31801     -1.422769       -0.1695       1.46157      0.749986     0.3382314      -0.31517     0.4714376      -1.74528
      83      -1.27828     0.7563028       -0.4291       1.28218       -1.3279        1.3850    0.29538334      0.689091    0.33076730       3.01275
      84    -1.0985829     -0.772162     -0.713758       1.71423       0.48482      0.040777     -1.676264     0.8883685     0.9561757      1.848191
      85     -0.284028      -0.79438      0.111296      -0.28462       -1.1707       1.12431     1.9738377      0.783604     -0.243239      -0.72806
      86     0.3330107     -1.108652     0.6665982       -0.2353       -0.6954       0.34177     -0.033196      -0.39996      0.681223      -0.61770
      87     -0.981111     -1.671293      2.821788      -1.07868       0.42040      1.202803    -1.8329693     -0.488814     1.1547660      -0.28501
      88    1.16275045     -0.135194      0.293766       1.44545       -1.2435      -1.81301     1.0370603    2.09592506     -0.200185    0.14115730
      89      -0.58857      0.787687      0.661249      0.592645       -1.2021      -0.45911     0.2620586     1.3909571     -0.948186      -1.93170
      90     0.7160882     0.7041435       -0.2680       -1.0684       -2.8449      -0.05833     0.3165299   -0.68371333     -0.212507      -1.16814
      91     -0.407013     -0.333856      -0.93011       -0.4854        -0.860      0.884322     0.4911772    -1.0178991     -1.352402     0.8779276
      92     0.7288069      -0.36479      -1.19922       -1.4664       -0.6897      -0.09746     -0.453751   0.644544779     -0.510603       -0.3577
      93    2.19295900     -0.564872      0.294419      -0.80540       1.02762      -0.91358     0.0062441     0.0452529     1.3599742     -1.085358
      94     -0.172503     -1.413631      1.290975      1.097354       0.76392      -1.15467     1.2534041     0.3628881     1.5930203      0.216767
      95      1.100209     -0.258173      0.368898       -0.1779       -0.7225       0.71786     0.8239818      -2.98483     -2.400181      1.797603
      96      1.508954      0.187667    0.00364112        1.2480       -0.0686       1.64459     1.0370861      0.771459     -0.530429      0.779503
      97  -1.148976081     0.7145156    -0.0450097      -1.19185       -1.1689      0.143280     -0.366174       0.50218     0.2758238      -0.95606
      98      -0.15388      0.656278       0.24048      -0.08098       1.03572      1.179682     0.8199734      -1.14329     -0.256974        0.3955
      99     -1.761824      0.479414      -0.29893       1.63894       0.60522      0.121477     0.4359649     -0.632602     0.7725579      1.856915
     100     2.0021320      0.137058      -0.44617       1.40941       0.00048       0.10794     -0.738346     1.2322766     -2.173733      -2.02100
     101     -0.651175     -0.140699   -0.93327553      -0.82302       0.42854      1.709700     -1.555525      0.591373     0.3612027      1.347985
     102    -0.9770638     -1.069968     -0.698523       -0.8373       -0.3014      0.682363     -0.498541     -0.460614     1.2071369      -1.28293
     103    -0.2801834      -0.78546     -1.740728       -0.1946       -0.5205      -0.23232       -0.0020      -1.45051     -0.319301      -0.68721
     104    -0.7854308     0.2507482      -1.22727      -0.53617       -0.7366      0.037664     2.0388278    -0.3194183     0.4726066     0.0135325
     105   -1.24175927      -1.07993     0.9279398       -0.2137       -0.7959      0.152905    -1.0373126     0.3267165     -0.332751      0.074113
     106     -1.699514     0.2016564     1.4856629      1.161767       0.09436       -0.5262   -0.35975233     -1.051662    0.17048899      -1.22071
     107    -1.1875370     -0.143993    0.51992731      0.658449        -0.045      0.507610     0.9691250      -0.63370     -0.402080      -0.94815
     108     -0.462782      1.084026      -1.27147      2.025311       -1.4063      0.281052      1.112263     1.2628252     -0.011371      1.726629
     109    -0.0376770      1.497081      0.632307       0.74654       -0.2256      0.388814     0.7072939      0.007700     -1.719391      -0.25919
     110    -0.1840827      -0.68414     2.6140076       -0.3360       -1.5913       0.07143     -1.132767      -0.03120     0.3787246      -1.66114
     111     -1.633517      0.308829     1.2277359       -0.1471       -1.0136       0.42237     -0.899305     -0.721013     1.6522791      0.010118
     112    0.14742567       0.44639     0.3378778      -0.60262       0.62967      -0.61655     0.6417945       -1.1584     0.2903994      -0.68236
     113    1.68141466     -1.898398     -0.323464       -0.0904       1.09160       0.53513     0.5340177    -2.0913335      1.047323     1.1235405
     114    1.16181728     0.5571082      -0.67079       -0.4914       -0.9354      0.201906     1.0429734    0.26069207     -0.149679     0.6685211
     115    1.96933315     -0.570445     0.2416594      0.036544       -2.2845      1.535389     1.2914602     0.4513236     0.2476597     0.3444293
Procss file name: BR-1055
Procss file name: SF-1118
Procss file name: SF-1227
Procss file name: SF-1279
Procss file name: SF-1330
