   Label          Mean         Sigma      Skewness      Kurtosis       Entropy           Sum          5th%         95th%           Min           Max
       1     1.6243453      -0.61175     -0.528171      -1.07296       0.86540      -2.30153      1.744811      -0.76120      0.319039       -0.2493
       2     1.4621079      -2.06014     -0.322417       -0.3840       1.13376       -1.0998     -0.172428      -0.87785      0.042213       0.58281
       3     -1.100619      1.144723       0.90159      0.502494       0.90085      -0.68372     -0.122890      -0.93576     -0.267888       0.53035
       4      -0.69166      -0.39675      -0.68717      -0.84520       -0.6712       -0.0126    -1.1173103      0.234415     1.6598021       0.74204
       5     -0.191835      -0.88762     -0.747158      1.692454       0.05080      -0.63699     0.1909154      2.100255      0.120158      0.617203
       6      0.300170      -0.35224      -1.14251       -0.3493       -0.2088       0.58662    0.83898341      0.931102     0.2855873       0.88514
       7      -0.75439      1.252868     0.5129298       -0.2980       0.48851       -0.0755     1.1316293      1.519816      2.185575       -1.3964
       8     -1.444113      -0.50446       0.16003      0.876168       0.31563      -2.02220      -0.30620      0.827974      0.230094      0.762011
       9      -0.22232      -0.20075     0.1865613       0.41005        0.1982       0.11900      -0.67066      0.377563       0.12182      1.129483
      10      1.198917      0.185156       -0.3752       -0.6387        0.4234       0.07734      -0.34385        0.0435      -0.62000       0.69803
      11       -0.4471       1.22450     0.4034916      0.593578       -1.0949       0.16938    0.74055645      -0.95370      -0.26621        0.0326
      12       -1.3731      0.315159      0.846160      -0.85951       0.35054       -1.3122       -0.0386        -1.615      1.121417       0.40890
      13       -0.0246      -0.77516     1.2737559      1.967101       -1.8579       1.23616        1.6276       0.33801       -1.1992       0.86334
      14     -0.180920      -0.60392      -1.23005       0.55053       0.79280      -0.62353     0.5205763      -1.14434     0.8018610      0.046567
      15      -0.18656      -0.10174     0.8688861       0.75041       0.52946       0.13770    0.07782112       0.61838     0.2324945       0.68255
      16       -0.3101      -2.43483     1.0388246       2.18697       0.44136       -0.1001       -0.1364       -0.1190      0.017409       -1.1220
      17    -0.5170944      -0.99702     0.2487991        -0.296       0.49521      -0.17470     0.9863351      0.213533      2.190699      -1.89636
      18     -0.646916      0.901486     2.5283257       -0.2486       0.04366      -0.22631     1.3314571     -0.287307      0.680069      -0.31980
      19     -1.272558      0.313547     0.5031848       1.29322       -0.1104      -0.61736     0.5627610      0.240737     0.2806650      -0.07311
      20      1.160338      0.369492     1.9046587      1.111056       0.65904       -1.6274      0.602319       0.42028      0.810951       1.04444
      21      -0.40087      0.824005     -0.562305       1.95487        -1.331       -1.7606      -1.65072       -0.8905      -1.11911       1.95607
      22     -0.326499      -1.34267        1.1143      -0.58652       -1.2368       0.87583     0.6233621       -0.4349      1.407540       0.12910
      23      1.616949      0.502740     1.5588055      0.109402       -1.2197       2.44936     -0.545774       -0.1988      -0.70039       -0.2033
      24    0.24266944      0.201830     0.6610202      1.792158       -0.1204      -1.23312     -1.182318      -0.66575     -1.674195       0.82502
      25      -0.49821      -0.31098      -0.00189       -1.3966       -0.8613       0.67471      0.618539     -0.443171       1.81053     -1.305726
      26     -0.344987      -0.23083      -2.79308      1.937528       0.36633      -1.04458      2.051173    0.58566200     0.4295261     -0.606998
      27      0.106222      -1.52568      0.795026       -0.3744       0.13404      1.202054      0.284748     0.2624674      0.276499     -0.733271
      28     0.8360047      1.543359     0.7588056      0.884908       -0.8772      -0.86778      -1.44087      1.232253      -0.25417      1.399843
      29      -0.78191      -0.43750     0.0954250       0.92145       0.06075      0.211124      0.016527      0.177187      -1.11647      0.080927
      30       -0.1865      -0.05682      0.492336      -0.68067       -0.0845       -0.2973   0.417302004      0.784770     -0.955425       0.58591
      31   2.065783320      -1.47115     -0.830171      -0.88057       -0.2790      1.622849     0.0133526      -0.69469     0.6218035      -0.59980
      32     1.1234121      0.305267     1.3887793      -0.66134       3.03085      0.824584     0.6545801      -0.05118     -0.725597      -0.86776
      33      -0.13597      -0.79726     0.2826757      -0.82609       0.62108      0.956121      -0.70584     1.1926860      -0.23794    1.15528788
      34      0.438166      1.122328      -0.99701      -0.10679       1.45142      -0.61803      -2.03720     -1.942589      -2.50644     -2.114163
      35      -0.41163      1.278528     -0.442229      0.323527       -0.1099      0.008548      -0.16819      -0.17418      0.461164      -1.17598
      36     1.0101271      0.920017     -0.195057      0.805393       -0.7013      -0.53722     0.1562638      -0.19022      -0.44873      -0.67244
      37      -0.55749      0.939168      -1.94332       0.35249       -0.2364      0.727813     0.5150736     -2.782534      0.584646      0.324274
      38     0.0218628      -0.46867     0.8532812      -0.41302       1.83471      0.564382     2.1378280      -0.78553       -1.7559       0.71478
      39    0.85270406      0.035360      -1.53879       -0.4478       0.61798      -0.18417      -0.11598      -0.17545     -0.933914      -0.53302
      40     -1.426555      1.767959     -0.475372        0.4776       -1.0218      0.794528      -1.87316     0.9206151      -0.03536      2.110605
      41      -1.30653      0.076380     0.3672318      1.232899        -0.422        0.0864     -2.142466      -0.83016     0.4516159      1.104174
      42      -0.28173      2.056355     1.7602492       -0.0606       -2.4135       -1.7775     -0.777858      1.115841     0.3102722      -2.09424
      43      -0.22876      1.613361    -0.3748046       -0.7499       2.05462       0.05340      -0.47915      0.350167     0.0171647      -0.42914
      44      1.208456      1.115701      0.840861       -0.1028       1.14690       -0.0497      0.466643      1.033686     0.8088443      1.789754
      45      0.451284      -1.68405     -1.160170       1.35010       -0.3312       0.38653     -0.851455      1.000881     -0.384832      1.458108
      46      -0.53223      1.118133     0.6743961       -0.7223       1.09899       -0.9016      -0.82246      0.721711      -0.62534       -0.5938
      47     -0.343900        -1.000      1.044994       0.60851       -0.0693      -0.10839     0.4501555       1.76533     0.8709698      -0.50845
      48       0.77741      -0.11877      -0.19899       1.86647       -0.4189       -0.4791     -1.952105       -1.4023      0.451122       -0.6949
      49     0.5154138      -1.11487     -0.767309      0.674570       1.46089      0.592472      1.197830      1.704594      1.040089       -0.9184
      50     -0.105344      0.630195     -0.414846      0.451946       -1.5791      -0.82862      0.528879     -2.237086       -1.1077    -0.0177183
      51      -1.71939      0.057120       -0.7995      -0.29159       -0.2589       0.18929    -0.5637887      0.089686     -0.601156      0.556073
      52      1.693809      0.196869     0.1698692      -1.16400       0.69336       -0.7580      -0.80884      0.557439    0.18103874      1.107175
      53       1.44287      -0.53968      0.128376       1.76041       0.96653       0.71304     1.3062060       -0.6046     0.6365834      1.409253
      54      1.620912      -0.80618      -0.25167       0.38271       -0.2889       -0.3918    0.68400132      -0.35340     -1.787912      0.361847
      55     -0.424492      -0.73153     -1.565738       1.01382       -2.2271       -1.6993     -0.275846      1.228955     1.3097059      -1.15498
      56     -0.177632       -1.5104     1.0112070       -1.4765       -0.1431      1.032983        -0.222     1.4701603      -0.87000     0.3691904
      57     0.8532821      -0.13971       1.38631      0.548129        -1.637      3.958602     0.6486436     0.1073432     -1.398812     0.0817678
      58     -0.459942      0.644353     0.3716702      1.853009       0.14225      0.513505      0.372456     -0.148489     -0.183400    1.10100020
      59     0.7800271      -0.62944    -1.1134361       -0.0674        1.1614      -0.02752     1.7464350     -0.775070      0.141640    -2.5163038
      60     -0.595667       -0.3091      0.510937       1.71066       0.03494      1.453917     0.6616810      0.986352     -0.466154      1.384991
      61    -1.0729642      0.495158    -0.9520621       -0.5181       -1.4614      -0.51634     0.3511168      -0.06877      -1.34776       1.47073
      62     0.3372209      1.008065       0.78522       -0.6648       -1.9450      -0.91542      1.225155     -1.053546      0.816043      -0.61240
      63      0.393109      -1.82391     1.1670751      -0.03966       0.88582        0.1898    0.79806379       -0.1019     0.7433565        -1.509
      64      -1.08071      0.725474     -0.039178      -0.22875       -0.1796       0.50172      -0.59334        0.5103      -0.91579        -0.407
      65     0.9849516      1.071252      -1.09715       0.83863       -1.0391      0.733023      -1.89881      -1.11711      -0.50897      -0.16648
      66     1.4236144       0.90399     1.5754679      1.206607       -0.2828      -0.26632      1.068971     0.0403714      -0.15699    -1.3352027
      67       -0.1064      -2.79099      -0.45611       -0.9798       0.69257      -0.47867     -0.329051     1.3471054     -1.049067      0.316658
      68     -1.895266      0.089729     0.4102657       0.85987       -0.8986      0.319656     0.3181541     -0.019231      0.150016      0.463534
      69     0.3978804      -0.99601      -1.19586      2.505980       1.91979      -1.39169      0.450217     0.6274370      0.751337     0.1403954
      70     -0.926871      -0.18242      -0.49112       0.13437       -0.2683      -0.13167      1.018552      1.230558      -1.18110     -0.459930
      71     -0.790799      1.223722      -0.05936      1.448989       -0.4775       0.02599     -1.348696       1.30253      -0.36261      -1.48515
      72     -0.592461      -2.30490     -0.031817       0.11248       0.28807       1.49810      -0.30097     0.8074559      0.312238      -0.19332
      73      -2.07680      0.947501      -0.50397       0.01795       -1.2704      0.282995      0.108030     0.0294176      -0.13479     1.0492182
      74    0.96622086      0.725916      3.321078       -0.6002       -0.3795      -1.01480     0.4359861      -0.68748     -2.698361       -1.2133
      75      0.072251      1.009787        -1.556       -0.6124       -0.1393       -0.7285      0.531163      0.004000      0.321265     -0.725214
      76     1.5365363      -0.00037      1.293549      -0.43899       0.59003      -0.67938      -0.95090      -0.70435        -0.045       -0.2187
      77      1.539207      -1.14870      -1.09033      1.700188       0.60878      -1.88141      0.497269      0.237332      -2.14444      -0.36956
      78      -0.01745      0.731402      0.954495       0.09574       1.03345       -0.1462     -0.857496      -0.93418     0.5426452       -1.9581
      79     0.6778075      -1.10657       -0.3592      0.505381       1.21794       -1.9406      -0.80617    0.04906169      -0.59608      0.861623
      80     -2.086390      0.361801     0.4259201      0.049080       1.10223      -1.22957     1.1086167      -0.70292      0.725550    -0.3242042
      81      0.814343      0.780469      -1.46405       -0.1544       -0.0924      -0.23787      -0.75566     1.8514378      0.209096      1.555015
      82       -0.5691      -1.06179      0.132247       -0.5632        2.3901      0.245422       1.15259     -0.224235      -0.32606      -0.03091
      83     0.3557172      0.849586      -0.12215       -0.6808       -1.0678      -0.07667     0.5729627     0.4579470      -0.01781      -0.60013
      84     0.1467652      0.571804      -0.03681        0.1123       -0.1505      0.915499     -0.438200     0.1855356      0.394428       0.72552
      85     1.4958847       0.67545      0.599213      -1.47023       0.60640      2.293717      -0.83001     -1.019519      -0.21465      1.021248
      86     0.5247504      -0.47712     -0.035990      1.037038        0.6726       2.42887     1.0056866      0.353567      0.614726       -0.3489
      87      -0.97777       0.17195      0.490561      -1.39528       -0.5223       -0.3692     0.2656424      -0.26046     0.4450967        0.0981
      88     1.0603275      -1.71116       1.65712       1.41767       0.05031      0.650323     0.6065484    -0.7372896     0.1646650      0.778174
      89    0.30981675      1.051320      0.094996       0.08075       -0.7678      -0.36453     -0.459717      1.705483     0.2405055      -0.99942
      90      0.398598      -0.19200      -3.05376       0.47985       -1.5526      0.578464     -0.961263     -1.458324     0.4943416    -1.4941937
      91     -0.446699      0.204377     0.6122325      0.744884        -0.036      -0.83239      1.923815     -0.605981      1.803588     -0.452524
      92     1.1612856      1.069965     -1.045534      0.355284       0.75539      0.700982     -0.198937     0.3019600      -0.39468     -1.171813
      93     0.9840122      -0.55968      1.379758       0.60245       -0.8926      -0.16119     -0.286384     -0.870887     0.5014295     -0.478614
      94     1.6316915      0.860891      -0.88018       -0.0190       -0.2267      -1.56450      0.931255     0.9498088      0.925501     -0.456987
      95      1.068985      -0.20975     0.9351477       1.81252       0.14010      -1.41914      -0.31690     0.6409858      1.219874      -1.13379
      96     -0.190548      0.233339      0.434998      0.910423       -0.9484      -0.42347      1.007966      0.392334      0.448380       1.12532
      97     0.1040533      0.528003     -0.314563      -1.34501       -1.2952       0.07432     -0.199560      -0.65460       0.31801       -0.8902
      98     0.1113372      -0.01952     -0.839988       -2.2982       1.45652       0.31663     -2.664125      -0.42642      0.393787      -0.22814
      99      0.580330      -0.97326     0.1751677      -0.05348       -0.1830       -0.2210    0.19975955      0.932721     -0.530119       -0.4072
     100      0.160564      -0.12014     0.3856022      0.718290       1.29118        -0.116     -2.277297      -0.06962     0.3538704      -0.18695
     101     -0.153236      -2.43250    0.50798433      -0.32403       -1.5110       -0.8714     -0.864829      0.608749     0.5616380      1.514750
     102    0.64792481      -1.35164     -1.409209       1.13072       1.56668      -0.23774     0.5588029      -1.50489     -1.943921      -1.17402
     103       -0.3571      -0.52137      -0.23011      -0.49101       0.67930      1.427546      0.036197     2.0299974      -0.63440      -0.52510
     104     0.3877346      -0.35479     1.1770522       -0.6411       1.32269      0.194175      2.565452      -0.46411      -0.20269      0.145651
     105     -2.181027      0.602265     0.4808461      0.109318       -1.5443      -1.54656       0.58661       1.17517      1.594464      -0.89544
     106     -1.030798      -0.27193      -1.97573       -0.5889       0.85178      1.634602     0.2791554    1.64055364     0.4108729     0.1913639
     107     -0.171441      0.186937      -0.25485      -0.14091       -0.6618        -71879      0.259031      0.014448      -1.47958          -0.2
     108     -0.855671      -2.04820     0.4838836      1.558688        2.3697      1.562419      -0.87080       1.17524      1.119899      -1.98782
     109    0.86128851      0.627177     0.1628082       0.28861       0.05830      1.631935     -0.401788       -0.1999     0.0073889      0.275664
     110     -1.763249      1.387973      0.226199       0.56912       0.19731      -0.18644     -0.355241      0.096114      0.152052      1.155261
     111     0.3460577      -0.13348      1.986565       -1.2794       -1.3402      0.354602     -0.212373      -1.77459     -0.312229     -0.710655
     112     1.1311286     -0.621251      1.050614       0.45978       -0.2063      0.021171     0.4286587     -2.308038     0.3270684     -0.379119
     113     1.7979193      -0.69126     1.1425639      -2.51492       0.81462      0.276102     -0.247016    -0.1208893      -0.26056      0.423003
     114      -0.13424      -1.78773      -0.18581       2.23472       0.04684      0.290787       -0.4380      0.174054      0.177945     -0.261201
     115     0.8632633     -0.923077     -0.130195      0.505053       -0.2670      -1.22387      0.558264     -0.982160      -0.44730     -0.828147
   Label          Mean         Sigma      Skewness      Kurtosis       Entropy           Sum          5th%         95th%           Min           Max
       1     -0.110728      -0.42938      -0.47458       0.68097       1.76260      -0.35751      0.522655      -0.35541      0.098942       1.12775
       2       0.05029      -0.81554       -0.7299       -0.6167       -0.0133        0.8580      -1.35879      -1.03728     -0.924541       -1.7494
       3      1.325922      -0.03637      1.900779      -1.42433       1.29418       -0.7016     -0.407369      -0.98896      -0.94986      -1.32374
       4    0.21633295       -1.3142     -0.241801      -0.00920       0.66661      0.100391     0.3213258      0.514411     -0.017250      0.363347
       5      -0.97972      -0.77547      1.897510      -0.01173       -0.7105      1.379879      -0.15684      -0.64649     -1.448991      0.779491
       6     -1.086300       -0.5390      0.644099       0.18363       -0.0864      -0.21398     1.1459273      2.230274       -0.5487      0.568904
       7     1.9288003      1.079057     -0.686831       -0.4306       -0.5979       -0.9134     -0.623905      0.261875     -0.587029      0.876199
       8      0.123255      -0.39712      0.886089       0.31897       0.26486       1.04003     0.5732654        -0.108     0.9375548         0.309
       9    2.91730876      1.098688      1.153212       1.29099       0.07983      1.312895      0.023357      -0.83117     -0.563986      0.527950
      10     -1.561119      0.208352     -0.728350       0.71821       -0.7461      1.872303      0.767818      -1.26885     1.7587593      -0.22725
      11     -0.727476      -1.02379       0.56776      1.504521       -0.5784       -0.9976    -1.1397000       1.49640     1.6707292      -0.34847
      12      0.537705       -0.0029      -0.06063       0.96402       0.44095        0.3294     -0.292578      0.815600     -0.282005       0.04992
      13        0.2194      -1.20115     -0.299094       -0.3126       0.10120       -1.1118      -1.18655       1.62346     1.1564436       0.88903
      14      1.824818       0.41959      -0.09107      0.482175       -1.8792       -1.0980     0.7586370      0.032615    -1.2776363      0.658536
      15      0.998901      0.667879      -0.03029       -0.8360       0.10759        0.4269     -0.358588      0.603035     0.3144319       0.33311
      16       -2.0325      1.081092      1.724391         -0.40       -1.4768        0.6389      -0.46565       -0.9670      1.217716       -1.3833
      17    0.71742862      -1.24773     1.4622679      0.516552       -0.2573      0.149369     0.5820873      0.829894     0.8277914      0.546730
      18      -0.47738      0.664079     -1.311324      1.004093       0.87300       1.39408     -0.588779       0.18621     0.8582860      0.317857
      19     -0.426667       0.30733      0.068032       0.99570       -0.6284      0.339487     0.2929311    0.75732812     -0.072892     0.1273146
      20     -0.070949      0.034065      0.008359      -0.32674       2.82729      -0.84391       -1.1734     -0.795626      -0.71005      0.011436
      21     1.4309327      1.688383      0.237324      -2.49821       0.38435      -1.31065     -0.500701     -1.149722      0.425622      -0.62660
      22     0.7721196      0.477302       -0.2400      0.080560        0.9174      -0.37213     0.9156188      -0.01931      0.269397       0.79924
      23       1.33153      0.520812     0.0583718       0.72068       -1.5454         16904      1.638961       -1.3254     0.9037094       -0.5641
      24      0.507251      -0.11656     0.3035897       -0.8007       -2.1606       0.40665    -0.6005043      -0.64863      -0.72532       1.98441
      25      -0.58219      0.326812     -1.160443      1.523096       -0.5562      -2.60064      2.711949      -1.09814      1.308932      0.733072
      26      0.652179      -0.23148    0.18919875       1.22393       -0.3009       0.25130     0.9282902      0.083388    -0.4249831      1.451678
      27      0.341688      -0.12517     -0.775894       -1.0055       0.89378       0.94926     -2.170711       -0.6154      0.964888       2.42430
      28      2.150353      0.941866      1.373332       -0.5274       0.77453      -1.23716      -0.56187     0.3209710      2.167937      0.747963
      29     0.2738270      -0.17008      -1.32244       0.60286         -0.34      0.239044      -0.88933      0.121254      -1.53702      0.503906
      30    1.31972591      0.913950      2.113823      0.324553       0.50536      0.514864     -0.879729      2.153233     0.9885780      -0.24282
      31    -0.9028317      0.581509      0.857547      0.137884       0.18607      -0.18811     -0.002747      1.335141      1.400617       -1.5001
      32     0.1388788      -1.20410      -1.33569      0.585952         -0.84      -3.15335     0.6451526      1.282141     2.0387771      -0.39629
      33        1.4454      -2.62101      -1.04339      0.518969        0.4715       1.32041      0.956689       -0.0815      1.529247       0.68648
      34       1.71708      -0.80427     0.3002536       -0.4295         0.805       -0.2195      -0.25185       -1.3264       0.30820       1.11548
      35      1.008195      -3.01603     -1.619645      2.005140       -0.1876        -0.148      1.165335      0.196645     -0.632590       -0.2098
      36      1.897160      -1.38139   1.301224837      -0.31239       -0.2712          2509     1.8629130      -0.64287     0.8350583       -0.3630
      37       -1.4320      -0.16601     1.1689263       -0.1858       0.54942       0.18855      0.046831       -0.4174      0.131782       -2.0328
      38      -0.44832      -1.80394       0.26969      0.354660       -0.7960       0.80130     0.3958305        0.2935     -0.361403       0.47279
      39      1.054207      -0.66044      -0.81684       1.18901       -2.3184       -2.6172      -1.81472      0.181741    0.15237420       0.49650
      40       0.07597      1.537379      1.575783        1.1590       -1.1558       0.36357    -0.8662026       -0.5007     -1.023362       0.01071
      41      0.544124      0.078692     -1.193368      -1.52603       -0.7620       -0.7776     0.7842731      -0.31928     -0.188666      -0.15693
      42    1.09684814      1.636115     0.4270585       -0.2483       1.40250      0.438241     -0.421096      1.010573     0.2072299      -1.43403
      43     0.6269063      0.299825     -1.856641      -2.15104       0.13630      0.683356     0.6085800      -1.36097     -0.347009       0.66658
      44      -1.53575      0.085282     0.2133292       0.92375       -2.4538       0.14498     2.0181218      -0.62120       -0.3162      0.953992
      45      -0.76314      1.156954    0.54053316      -1.57407       0.10059       -1.4589     0.9525478      -1.68067     -1.811753      -1.13730
      46     -0.803072       1.31494      -0.01825      0.291004         1.074      -0.69780     -0.578325       -0.8474     0.7849046      1.633276
      47      0.258742      -0.62327      -0.52036       -1.1123       0.73114       -1.0629     -0.254633       -1.1689     -1.899463      -2.53995
      48       -0.8899       0.21807     -0.317815      -0.22357       -1.0713       -0.9316    -1.0677023       0.21123     2.0476548       -0.1363
      49     -1.369280       1.27262       -0.9985       0.55753       -0.4426      0.081083      3.432663      -0.74752      -0.58668      0.375235
      50       -0.0219      -0.40607      -0.68840       0.59049       1.07737       -0.9520     -1.136433      1.829906      -1.42515      0.715333
      51      0.439127      -1.10296     0.7594935      -1.10321       -1.0895       -1.3895     0.8342832      -0.44934      1.085251       -0.8101
      52      0.614662      1.407410     -0.086013      -1.12545       -0.3425       1.25673    0.73909383       -0.3859     -1.744372       0.71553
      53    1.63090625      1.648594      0.432790       -0.1910       -0.7861      -0.57260      -1.64975      2.134551      -0.02696       2.38440
      54      -0.07449      -1.61831      1.861565      -0.85982       -0.4379       1.64855     1.4587732      -2.02620     0.0010547         -1.08
      55      0.539138      1.812177      -0.51748       1.49322       -0.9286       2.17227     -0.825653      -0.46333     0.2969573        -1.400
      56      1.549608      -1.07001      0.613951       -1.2891       0.10978       -0.0105     -0.388240        0.4892     -1.116832       1.52186
      57       0.20244      -2.79144     2.0055615      0.452713        1.5535       -0.1769      -2.26261       -0.4197      -1.22606       -0.0384
      58      -0.48272      0.209012     -1.764408       0.05378       -0.4595        0.6335      -1.69230       -0.4250      1.658399       -1.1810
      59      0.738053      1.330506      -0.01008      0.988510       1.04143       1.56975    -0.3678322        -0.112     0.8041228        -0.745
      60      0.048050      -0.69857     -2.329041      0.334915       1.70243        -0.372      0.084297      -0.45310     -0.740963       0.13610
      61      1.072931      2.215843     0.8264765       -0.9613       -1.4270       1.30683     0.3167149      -0.61046     -1.056172       -0.8077
      62     1.2334249      -0.02235     -1.400469      0.872578       0.31010       -0.2911     0.6077152      -0.82768     0.9639045       -1.4248
      63      -0.90344      -1.37688      -0.41655       -0.7574        -0.362       0.00476      0.554252      0.146532    0.25185970       1.60432
      64      -0.26649      -1.45833     0.9513818        1.8358       0.18728       0.83953      -0.65561      0.185675    0.63702531      0.378575
      65     -0.539697      1.630629    0.17281608       0.93019       0.40577       0.87367     0.9332532      -0.21615     0.8336788      2.160455
      66     1.9989920     0.7640414     1.6872552      -1.30797       1.47239      0.074876     -1.786935     0.1652105     0.9762962    -0.6960276
      67    1.93713158      1.349227     -1.275113       1.00909       0.11197      -0.55168     -0.316631      -0.44499      -1.21627      -0.44832
      68     0.6926889      1.425942       1.45833      -0.57336       -0.1172      -0.85937     1.0300024      -1.64815     -1.363276      -0.63584
      69     0.2514734      -0.32114     0.0330639      0.047534       0.23327      -1.03446     -0.339359    0.57761233     0.2802291      1.093306
      70     -0.746224      0.906261      1.466624       -0.1425       0.26593      0.225189     0.5356705     0.3879211     1.4694877       0.51336
      71     0.8645017      0.331526      -1.04177      0.433360       -0.2299      -0.63508     -0.894370      -0.07039      -0.60746      2.039672
      72     1.5967718      -0.26693       0.70915       1.15696       -0.1728      1.848233     0.9221103     -0.101709     -1.799299      -0.96595
      73     0.3186925      -0.43826      -0.02075       -0.7873       0.24692      -0.45830     -1.552705      -0.34164      -0.57202      -1.55165
      74      1.423177      -0.07605      -0.32686      0.750374       -0.0825       0.76729     -1.480654      -1.03665     0.5452275      1.491897
      75      0.030011      0.216434     -0.823443      -0.02993       -0.7089       -0.1602     0.7222801       -1.9987     0.2130257       -0.8045
      76     -0.646582      1.138172      0.295439      0.933629       -1.7637      -0.41021      -0.45366     -0.589429      0.440234      0.895921
      77     -1.106778      -0.96266      -1.25195       1.14760       -0.5147      -0.10138     -0.332210     -0.963656      0.373260      0.383026
      78     0.9413255      -0.22542      -0.29708      -0.58552        1.4881      1.007566     -0.040385      0.648973      -0.58584      2.054474
      79     -0.591566      -0.37968      -0.37103      1.701234       0.14760      1.084418     -0.110096     -1.212974      0.775480       -0.6264
      80     -1.318522       -0.4160     0.6316571      1.764285       -1.3874      -2.19905     0.9301569     0.3000512     -0.563472    0.41836191
      81      0.729443      1.912068      -0.13034       1.27980       -0.4517       -0.5096     0.4237734       -1.1149      -1.30195       0.96319
      82      -1.96307      0.113348      -0.32474       -0.3730       -1.3323       -2.0359    -0.6609084       -1.1652     -0.425419       0.08803
      83     -0.741760       -1.0725      0.290041      -0.76183       -0.9595       -0.2991     0.2854914      2.108748     1.6135615       -1.2633
      84     -1.324249      0.064717      0.556998       -0.1317       2.17233      1.177070      1.640057      -0.41787     -0.896879      -1.07028
      85      -0.11378      -1.25834      -0.63379       -0.4307       0.94428       -0.4728      -1.40706      -0.44747     0.1885829       0.56091
      86      -0.92165      0.647375      1.386825      0.489516       0.23879       -0.4481      -0.61079       -2.0299    0.60794658        -0.354
      87      0.152581      0.501274     -0.786402       1.01699       0.11311        1.4969     0.1689376      0.318624     -0.273377      1.476413
      88        -2.103       -0.5328     -0.305053       -1.5304       -0.7947      -2.17212     0.1903872     -1.405227     0.3698604    -0.2617816
      89      -0.83271      -1.55378      -0.68284      0.310623       -0.1254       0.66624      -0.78833      1.605993    -0.2379534       -0.8451
      90      1.310159      1.357566      -0.09016       -0.4843       0.91007       -0.8941     0.9351915       -1.3871     -0.083393       0.01175
      91     1.2080994      -1.82921     0.2344367       -0.1207       0.00290       -0.8841      -1.30189      -0.46313      -0.24166      1.475183
      92       0.11138      -0.00427      0.698346       -1.6118       0.72256       0.91537      0.907143       -0.3329     -1.235249       -0.9849
      93      0.247453      0.536764      1.276549       1.52143       0.87124       0.03392     0.2649199      -0.23531      1.054868       0.59427
      94      0.215859      -1.25560     1.0466613       -1.5268       1.23178       0.98462      -1.58706        -0.048      -1.24139       -0.1446
      95     0.5551699     -0.136638      -1.36386       0.26082        0.2594      -0.02723     -1.045138    -0.3497816     0.2685271     -0.155049
      96     2.1126221      0.256079      -0.20676      0.482597       -1.1054       0.42075     1.6167942      -0.88377     0.2988350       0.76711
      97       -1.6933      1.638888      -1.04499       -0.3350       0.38067       -0.2326     0.8029366       0.15092      0.569751       0.07497
      98      1.472001      -2.01549      0.364094      -0.30061         -0.95        -0.811     -0.571979        0.5784     -0.896130       -0.1631
      99      0.275248      -1.15579     1.1123486       2.42158       -0.6740       0.91944     -0.309679       0.53336     -0.181705       2.20866
     100      -0.32433       0.79393      0.607366      -1.08396       -2.1602       0.57908     0.8445184       -0.5367     -0.633374       0.97680
     101      0.852833      0.955876       0.26140      -0.78827       -1.2179       -1.9931      -0.05768       1.91916      0.477894       -0.0797
     102       -1.5207      -0.66793      0.004938      -0.22221        0.9083          1782       -0.1586        0.6953      -0.11421        -0.189
     103     1.2591335      -0.75197      -0.28305       -1.2927       0.09673      1.069501      0.681401      0.734011      1.053042      0.625218
     104       0.75825      0.403724     -0.975388      0.526095       0.94588       -0.8919      0.235989       1.08281      -0.37347       -1.3211
     105       0.06153      1.593685       -0.9129      -0.10539       -0.7510        -0.358      0.234771        1.4768      -0.71664       -0.7086
     106       -0.8725      -1.09379      -1.53470       -0.8512       -0.1058       0.04086      1.172449       -0.8216      -0.77993       -0.7568
     107     0.1957459      -0.15847     0.7772087       -0.7891       0.91325      0.942513      -0.26246      -0.62253      0.181169       -0.7915
     108     1.9922047      0.140887     0.7924407       -1.2671       -1.7507      0.687266      0.515886      -0.76060      -0.56677      -0.67994
     109     0.2278269      0.923852    -1.5448602       0.47874       -0.8741      -0.53093      -0.16043      -1.36145       2.84393      2.424977
     110     0.7522698      0.656015     -1.043610       2.37734       0.01831      -0.12339      1.203993       0.26080      -0.77660       -0.2189
     111     -0.376085      0.064655      0.554457       0.53275       1.30120      -0.00410     0.9580685      1.706661     -1.226022      0.712570
     112     -1.072332      -1.50707     1.5846620       1.13548       0.52337       -0.4769     1.5035612     -1.367167     0.0673929      0.485177
     113      1.287126       -1.5264     -3.064141       0.11537       0.31742       0.17368    -0.8772468      -0.04416     -1.540079      0.420593
     114      0.892588      -0.73203      -2.00394      -0.12978       -0.1985       -0.0806     1.3035754      0.138595     2.0841228      0.380743
     115      -1.08723       1.13361     -0.090344       -0.4887       0.27940       0.11478     -1.558594      -0.84951     1.1520065      0.175927
   Label          Mean         Sigma      Skewness      Kurtosis       Entropy           Sum          5th%         95th%           Min           Max
       1     0.6389859      1.020152      1.792613      -0.63909       -0.7033      -0.92450       -0.6004      -0.91258      -0.01500       -0.1082
       2     0.5812382      -1.19065      -0.65382       0.35946       0.69864      -2.31661      -0.60207     -0.253620      -2.04115     0.4487003
       3     1.2041275      -1.94309     -1.564928       0.95218       1.13533      -1.27277      -0.98762    0.65941880      -0.24302      -0.52131
       4     1.5941373      0.297799     -1.819448      0.253313       -1.4052      0.742056     0.9819936     0.4385619      0.927819      1.964279
       5      0.726679      -0.37195     -1.093303      0.224450       -1.0350      -1.43874      -0.46184     -1.778318      -1.30047     0.5011563
       6    -0.4752552      -0.30663      -0.02591       -1.9541        0.1862       -0.0038     -0.045206      0.342846     -2.164927      1.911829
       7     -0.303351      -1.43421     0.1115298       -1.2711       0.06639      0.540602     -1.318896      0.845426      0.131092      0.349083
       8      0.404068      0.512434     1.1203617      0.860454       0.48691      -0.76433      0.286331     -0.557833      -1.44875     -0.041376
       9     -0.912810      1.135141     -0.037709      0.045262       0.77520       -0.4181     -0.256594     1.1646711       -1.3836     -0.866955
      10     -0.133693     0.7847891      0.249792      -1.15751       -0.9197      1.694460      0.316269     -0.618441     -0.484277      3.740248
      11     1.3402719      -1.63647      -0.45877       0.72282       -0.2754      1.139053      1.764249      0.007560      0.294739     -0.168662
      12     0.8827990      1.499925      0.934395        -1.082       0.75436      -0.57875      1.748361     0.4762838      1.058128      -0.02105
      13     -0.032337      0.430777      -0.03080      1.578913       -1.1421      0.685416      -0.58665     0.8610462      -1.79711     1.2861262
      14      -0.30936      -1.23367     0.7166843      -0.19177       0.27713      1.227908      -1.09119      -0.73637      0.080407      0.567515
      15      -0.70361      -0.79314     0.7713352      0.983638       1.39727      -0.29513      -2.58223     0.5233902      0.759932     -1.466823
      16      0.090380      0.275308     0.3403549       -0.4646       0.08343      0.600394      -1.77617     0.9110824      -0.36583     0.7645021
      17      -0.70262      -1.71176     1.1811387      1.641136       -1.8605       -1.2922     0.0941731        -1.049      0.760251        -0.797
      18      -0.51758      0.211434     -2.178225      -0.31992       2.01464       0.58688     -0.999109      1.046015     2.0631854       1.27466
      19     -0.584610      -0.65759      -0.37047       -1.0490       0.02921       -1.0056     -0.875239      0.320818     -0.563622      -0.20438
      20     2.1481782      0.368219      1.190323       0.43791       0.60297      -1.34917     -0.546971     -0.262253      -0.44662     -0.202908
      21     0.1599017      -0.22261      0.689592       -0.2477       1.08395      -0.01309      -0.59467     -1.251390      -0.76938     -0.254310
      22     1.2020593      -1.27187      1.040152        -0.091       -0.8314      -1.31909      0.548995      -1.90623       -0.4615      -0.44036
      23      -0.16312      0.581184   -0.61464092       0.12034       -1.2178      0.057692      0.608355     -0.351691      0.368665     0.1046323
      24      -0.34428      -0.06081      -0.19502      -1.97424       -1.4991      0.432852      -2.08834      1.158381      -1.40997      0.030525
      25     0.4721359      -0.63673       1.16258      -1.37085       0.90676      0.148556      -0.15118     1.0116959      0.539253    -1.2044774
      26     1.4118106      1.003996     0.1038076       0.14968       1.33623      1.658172     0.6126584      -1.16262      0.120250      0.820019
      27     -0.834498      -1.20586     0.0057783      0.112363       0.37782       1.23029      -2.18242     0.0998614       -0.2056     0.0157492
      28     0.1674332      1.025749      0.558932       -0.0456       0.08911      0.105357     -0.132965      1.322013     -1.912238      -1.40149
      29     1.5976369       0.57365      0.630641       1.15818       -2.0183      1.439135       -1.1664      -0.98273      1.036242      -1.15571
      30      0.530921      1.427329     -0.649593      -0.58908        0.6720      0.896321      0.341725     -1.581368       1.61020       0.62249
      31     -2.356864       -0.8997    -1.0600342      -0.77769       0.25605      -0.71523      1.224947      1.108737      0.074250      -1.05322
      32      -0.00061      0.406759      1.162457       -0.4642       0.07972      -0.99673      -0.46098     1.1683381      1.596203    -0.3449741
      33      -0.26413      -0.76066     -1.529597       0.37276       0.47269      0.604447      0.026131     0.5292113      0.165381     1.2444590
      34       0.37457      1.451335     1.0723618      0.359016       -1.2423      0.517272      0.320761      1.918619      0.742341     -1.131271
      35      -0.79286      0.963936     -0.193112       -1.2028       0.49076      0.493649      -0.11854     0.8615962      -0.10423     1.8648153
      36      -1.09750      0.907922      0.990986       1.26686       -0.1252      -0.41299      1.740675      0.546569      -0.58513     0.8323518
      37      1.587082      0.666381     -0.725980       0.97942       -1.5375      0.776819      0.978327     -0.221968      0.277126     0.1502803
      38     -0.535795      -0.85760      -0.27868      -0.62201       1.51384      -1.35527      1.799211     -0.235410      -0.77103     -0.544245
      39      -1.04096      -2.03216    0.81598915       -0.1536       -0.8384      -1.30583      -0.56282      -1.25149      1.298571     -1.896277
      40      -0.95821       -0.8830      0.475177       0.25377       -0.1447      -0.17222      0.398071       -0.7954      0.483664      -1.32276
      41     0.5403055      -0.50725     1.1283785      -1.22335       -0.4535       -0.8209      0.940218     -1.411293      0.884147      0.463217
      42     0.5659732      -0.68815      0.475340       1.75072       -0.6913      0.253189      -0.26308     -1.100346      -0.82482     0.5248509
      43     -0.045382       -2.4529     0.5322881      -0.31758       0.91774      -0.64363     2.3069272     -0.948749      0.766226     -1.075459
      44     0.1949556      -1.14751     1.2548487      -0.02110       1.49476      -0.09728      -1.62435     -0.843117      -0.39216     1.3814994
      45       2.72946      -0.11415    0.31801686      1.250112       -1.1413      -0.31560      0.669592     0.3531332      -0.08432     -0.977400
      46      0.104189      0.712877     -0.718420      0.074477       2.08974      0.477336      0.593123     -1.036188      -0.55087     -0.317466
      47      -0.83867      -1.20910     -1.565774      -0.20787       0.83281      0.616780      0.676281      0.912086        -0.858      -0.68327
      48      -0.23558      -0.89125      0.249671       -0.6631       1.11395      -0.87785      0.562541     1.6787603      -1.21522      -0.55132
      49      -0.76815      -1.06027     0.2606884       0.50031       -0.7328      -0.51248      0.242410     0.3139617      -1.11137        2.3016
      50      -0.23344      0.088119      -0.62806      -0.25869       -0.9042        -16551      1.628238     -1.847187      -0.18494     0.6611144
      51     -1.597214      0.461015     1.3165064      0.296369       7.51222      -0.03421      -0.28149     0.5801776      -0.86352     0.3268130
      52      -0.33852      -0.58162     -1.156375      0.674528       -0.5906      1.077519      -0.02804     -0.003092      -1.09787     -1.000115
      53      0.546998      -0.09618       0.05874        0.6510       0.52184      -0.35583      2.894386      3.135047      0.440313       -1.4391
      54      -0.89361      0.581739      -0.57660      -0.08170       -1.9967      0.436181       1.20844     -1.214373      -0.34350     -0.359020
      55     -2.484895       -0.4756     -0.569164      -1.39355       -0.8745      0.246853     0.3413890     0.3248685      -0.57595      -0.82490
      56      0.145387      -0.39314     1.0364170       1.16430       -0.4726        -42504      -1.63348       0.18335      -0.66889     0.8222970
      57      0.700099      -1.05060     1.0482305      1.392277       0.38622      0.610146      -0.52092      -0.85916      1.254886     0.2411091
      58     -0.091675      -0.06892      0.752761      -0.21565       -0.4984      -0.30474     -0.162497     -0.486471       0.08828     -0.491598
      59      -0.45492      1.986539     0.0072604       1.70798         -1.00      0.754816      0.011318        1.6910      -0.46518      1.792322
      60     -0.588646      0.007627     -1.156085      -0.03455       -0.2068      -1.10938      -1.84599     0.8964069      0.495137    -0.6963385
      61     -0.106793      -0.72520     -0.138074       0.25004       0.35311      -0.50097     -0.209804    0.51611688      -0.65932   -0.55555711
      62      0.081850      0.494762      -0.42394      0.796530       -0.0700      -0.67274      0.094415     -1.456690      -1.83589     0.3390251
      63     -1.776323      -0.80194      0.998670      0.331694       -0.8499      -0.01499      -1.43389     -1.139190       -0.1678     0.5874495
      64     -0.033729       -0.0842     -0.650344       0.07451       0.79601      1.103748     0.3427734   0.121978188     0.3551726      0.525360
      65     -0.481776      -0.36911      -0.66344       -0.6287       1.88302      0.784937     -0.684739      0.042316      0.307489       -0.0899
      66     -0.963754      1.446528      -1.18842       0.86834       0.05403       -0.8134     -0.161504      -1.85049     0.2749725      0.728464
      67       -0.5300      0.297857     -2.498894       -0.5313         -1.33      0.925292     0.1943131     -0.047237     -0.189228    -0.2428883
      68      0.785062      -1.04175     0.9322531       0.69958       1.03075       -0.3479     1.0814859     1.0007859     0.4495976    1.12286974
      69     -0.441301      -0.07314     1.3475995      2.017390       -1.6466      0.937043      -1.25811     0.2102915     -0.587898    0.20568904
      70     -0.298238      0.394073     0.6497446      -0.34815       0.66856      -0.28757      0.684819      1.177454      0.165085      0.233112
      71      -1.80272      -0.77189     -0.622656       -0.1506       -1.4000      -1.30106      -0.07710     0.2078252      0.986195      1.432756
      72       0.52825      -0.36773     0.6917208      -0.79834       0.21381      1.789975      1.473573      -0.30238      0.970363      -0.38791
      73     -0.615106      -1.60933     0.5368901      0.305940       0.98449      0.805922      -0.29952     0.8631016      1.880730     2.3012837
      74     0.7724558      0.288475     0.3886640        0.0833       -0.5755      1.577291      0.762506     0.1464966     1.4876209      0.839731
      75     -1.256278      1.236638       -0.4094        -1.317       0.28985       -0.3101      -0.74447     1.5835472      0.059722      -0.05222
      76     -0.251365      -0.39298       0.18877       -0.3211       3.23834      -1.05437     0.1172431     -0.470273      -0.70254      -0.66793
      77     0.0276550      0.931194       1.19450       0.69664       -0.4236      1.921738     1.7777335     1.7631582      -0.47145      0.621434
      78      0.710254      0.584932      0.568754      0.549022       -0.3024      1.207317      1.377666     0.6362839       0.05529     0.4058171
      79     1.2484572      -0.12748     0.6994356      -0.73525       0.37921      -1.27466      -1.13691      2.088481      0.131646       1.10371
      80       -2.6768      -0.23769      -0.17578       -0.5582       0.13965      -0.86634      1.255861     0.6589328      -1.14435      0.484654
      81      0.314519      1.610881      1.055868        -1.118       -0.7771      0.994435      -1.32151       0.59990      -0.67834     0.5089450
      82      0.538264      0.374533      -0.74681       0.03353       1.22022       -0.1845      0.446674     1.6487477      1.909528      1.554689
      83     0.1427776      0.102803     -0.176600       -0.5120       -0.1639      -1.41096      0.578024      -0.28463      1.131264    1.05000343
      84      1.393015       -0.7768   -0.22667535       -0.7302       -1.5590      -0.67020      -0.79274     1.1306051      -2.73914     0.5103149
      85      -0.25361       -0.4576      -0.30603      0.465757       -0.0979      2.378239      0.196845     -0.470843      -0.52967     -0.216175
      86     1.5905567       0.54311     1.3770374      -1.26421       -0.4871       0.06962      -0.20050     0.7029729      1.051500      -0.36612
      87     -2.872050      -0.92281     -1.200508       0.58252       2.04346      0.343074     1.8197730    0.33801691       1.12297      0.324113
      88      0.755374      -0.92699     -0.310094       1.50811       0.92970      -1.35519      1.075115     1.2316693      -0.27560     0.3340435
      89      -0.57406       0.30839     0.1571163      -0.38530       -0.0405      -0.54253       0.68896      -0.64422      0.354042      0.280810
      90     -0.788148      -0.39881     0.3125135      1.374424       -0.6405      -0.12385      -0.18625     -1.753406      -0.14788    0.75192088
      91     0.7813188      -0.48003     0.5357097      -0.24885       0.35753      0.935974       -0.6637     0.4797369      -1.63983     0.9753386
      92       -1.5458      -0.06373     -0.189643      0.861670       1.78918      -0.18801      0.008588     -1.058646       0.56517     0.9979772
      93     1.1765710      -0.99608     -0.873489      0.904619       0.93917      -2.04999      -0.81656     -2.194892       -0.1911     0.1416890
      94     0.3491339      0.452069      0.657262       -0.1007       -1.5118      0.213768      0.751167     -1.412458      -0.96778     1.2012087
      95      1.630151      -0.46505     -1.304307      -0.59835       -0.8289      -0.45722      0.822761      -1.92208      -2.04354        1.9429
      96       -0.8044      1.183657    -1.8452509      0.858603       -1.4139      -0.98735      -1.39666     0.5447258      -1.04119     -0.998422
      97     0.6736533      1.567895     0.4293211      0.261041        0.7798       -168050      1.667778     -0.248318      -0.97784      1.843094
      98      1.414901      -1.21412     0.8132614      0.407516       -0.0710      -1.15237      -1.41083     -0.547563      -0.07203     1.6410491
      99      -1.39892      1.018223     0.2129087      0.815925       2.02257      -0.44357      0.137907      -1.68169       -0.6698      1.561720
     100      2.024665      0.167179       -0.0521       0.46082       0.29702      2.252553       -1.0104     -1.684954      -0.74498     -1.377755
     101      0.113555      0.056343     -1.493274       -0.0329       -0.2937       0.23987      -0.64093     -0.400507      -0.28787     1.3289123
     102      -1.13505     -0.582493      0.064841      -0.07262        1.1563      -0.30333      0.346481       0.03275      -0.85388      -0.30739
     103      -0.02874       -0.7990     2.5962535       0.22344        1.0455      1.665770      2.004376     -1.803104      -0.64101      -1.40127
     104      -0.49064      -0.35656     -1.471786       1.11033       1.27475      -0.70721      0.680508     0.8540508       0.66155     -1.358101
     105      2.445378      2.087213     -0.489235      -0.46318       -1.3307      0.614835      -0.00319      0.482006      -0.42110     -1.262346
     106      -0.96092      -0.61727    0.14922738       -0.2275       0.77892      0.678163      0.934021     0.2966141       1.85597     2.1439859
     107      -0.49139      -1.05760     0.7669484      0.587343       0.80252       -196857      -0.49776     -1.024300      -0.15664      1.736556
     108      -0.20218      0.696082     -0.562904       -0.8797       -0.8005      -2.25158      -0.65548      0.883442      0.043320     -0.846007
     109      -0.05358      0.259813      0.832332       -0.7313       -0.0075      0.332887      1.053475      -1.25067      -0.30581      -1.79883
     110      -0.83964      0.337134     1.7092076      -0.23818       -0.4015      -0.99946      -1.36678      -0.86171      0.620717      -2.09586
     111      -0.20605       -0.6831      -1.04550        0.2378       -0.7922      -1.08760      -0.58357      -1.54448      -1.64461      -0.79666
     112      -1.14517     0.8911211     -0.081912       -1.1640       -0.1060      0.701132      0.576401      1.714655       -0.8026      1.282932
     113      -0.36910      0.076340     -0.858448       -1.0381       1.81677      1.891287      0.295873     0.8343563      0.214781     1.5819798
     114      -1.78078       1.63015     -1.680121      1.599050       2.13991      -1.25311      -0.70882      -0.01230      0.834645      -2.16917
     115      -0.15703       0.66621      0.785648      0.650194       -0.4525      -0.41095      -0.56393     2.5291278      -1.03072     0.2425741
   Label          Mean         Sigma      Skewness      Kurtosis       Entropy           Sum          5th%         95th%           Min           Max
       1      -0.31701      -0.16373      0.321072      -0.58167       0.03759       -0.4490     0.7332944      -0.40065      0.057598       0.00521
       2      1.884965      1.853945    -1.1993957       -0.7985       -1.4611       -0.3889     -0.127753      -0.73145     0.3118748       -0.5501
       3      -0.09096       -1.9027    0.60003223       -1.0101       -0.4890       0.57870     -1.468318       0.99063       0.23223       0.22134
       4      -1.44026      -1.37175      0.034474      -0.33548       -0.6160         12681      -0.15911      -0.93066      -0.18345       0.50201
       5      -0.92763      -0.87837     -0.158525      -0.50145       -0.1189       0.02376    -1.7672221      1.541429     -0.243984      0.036712
       6       -1.2418      -0.30065    -0.3469593       -1.0853       -0.2761       -1.5973      2.223820       0.16700      0.434323       0.23064
       7      -0.85458      0.021499       -2.7103      -1.06680       0.52886       -0.3105   -2.22339598       -1.4968     0.8011934       -1.8046
       8     0.0226011      -1.86986    0.85827417      0.487140       0.88869      -0.37658      0.344320    0.18060516      -1.33480      0.061679
       9     -0.710815      -1.25121     -1.168939      1.094731       0.81016       -0.3870     -2.072848      0.568697     1.1468307      0.620391
      10     -0.264063       -1.4322      -0.10010      -0.91196        -0.804       -0.0920      -0.65055      0.058193     0.9140730      -1.51724
      11     0.2526313      0.397866     -0.303545       -2.0556       -0.8909      2.266333      0.709205      -1.21211      -0.39875      -0.45077
      12    0.08236314      0.288171     0.7861824        0.1128       -0.8909      0.883382     -0.787765      0.534903      1.801616       0.12283
      13      -1.68267      0.606601       0.38172       -1.0726       0.61345        0.0442      -1.09095       0.16034     -0.182004       -1.8513
      14      0.209875      -1.60673     0.4573047      -1.44848       0.45675      0.099618       -1.5123      0.443989      1.028667      -1.58662
      15     -0.964620      -1.16362      -0.40143        1.3560       -0.0961      1.295251      -0.29661      1.168288      -0.71606       -0.5013
      16       -1.7534      0.700128     -0.270035       -0.5791       -1.1404       0.50101       0.22576       -1.0890     1.2800580       -0.0988
      17      -0.27014      1.745068     -0.180557        -0.202       -0.3925       2.14640     2.1364054      0.974229     -0.189789      -0.66284
      18     0.4139665      0.031924    -1.5936593      1.143814       -0.5095       0.64879     -0.118629      -0.07282     -1.343429      -0.88004
      19     -0.653662      -0.02201       0.33829       -0.2887       -0.7620       1.05316     -0.009185      0.475760     0.3739433      -0.87926
      20    -0.6388477      0.855586       1.95575      0.473291       -0.6750       1.22850     -1.642020      -0.84033     1.2710482      -0.42630
      21   1.513822407      -1.71669      -0.65708      0.334034        0.1930      0.278079     -0.032490      -0.62663     0.9941977      -0.66385
      22     -1.256025      -0.11064      -2.57159      0.830995       0.49112       -0.0733     -0.689214      -1.80830     -1.724433       0.67967
      23       0.09840      0.378364      -0.14299       0.30380       -1.5948       0.64366      0.360877       0.89132      0.112437       -1.0149
      24      0.474303      -1.17982     0.9899570        0.3176        -0.660       0.37211    1.59266833      -0.98494     1.6963938      0.097829
      25      1.105335      0.292173     0.4812557        1.7981       0.18747      -0.14883      0.188425      1.095687      -0.21402     -0.922777
      26      -0.22532      0.574357     -0.013643       0.41423       -0.7527       1.36037     0.3863749      0.388515      0.030521      0.613718
      27      -0.08225      -0.14421      0.792377       -0.3022       -0.0563      -1.38605      -0.23750      -1.24413      -0.93860     -0.669640
      28      1.905035      1.110404     0.3240493      0.305028       1.18639       -2.0756     -1.239348       -0.0588      -0.77381       -1.2981
      29      -0.42171      0.622981      0.951773      -0.06984       0.29002       0.61455     -2.586909       0.64046      -2.07669       0.32053
      30    0.54194817      0.597945       -0.5846      0.592992        0.5854       0.96370      -1.56303      -0.83114     0.3332930      -0.21681
      31      0.688390      0.471355      0.207295      0.445453       0.17765       -0.8762     0.5300696      -0.63860     1.5504819       1.06614
      32      -0.68921      0.157076      -1.42732        0.0934       1.55482       0.18681      0.942816       1.22444      0.137031         1.117
      33     -0.211088      0.224259      -1.51879       -0.7361       -0.3577      0.548157       -1.1152      0.156172      -1.59963      -0.39881
      34      -0.69994      1.590844      -0.76568        -0.158        0.8912      -0.72094      0.427122     -0.119809      -0.92222     -0.773220
      35      0.750522      -0.60355    0.75357246       0.02670        -0.855       -0.0749     2.1145368      0.063345     -0.787546       0.32777
      36      -0.38824      -1.39512     0.3700547       -0.9974       1.23673       1.11629     0.6752404      0.022451      -0.87103       0.28743
      37      -0.76218      1.070725     -1.376651      1.451719       -0.1080      -0.69217      -1.14657       0.56793      0.423871      0.739115
      38     -0.107992      -0.58428     0.1031646       -1.2168       -0.1689      -0.83911      1.279856        0.4643      -0.40476       -0.5184
      39       1.05378      -0.63514      -0.13931        0.5641       -0.7679        1.2633       0.25846       1.58001      0.006783       2.78736
      40       0.40613      0.187248      -1.33002      0.260543        -1.385       -0.2884      -0.32935       0.89368      -0.30907       -0.2800
      41      -0.78683      -0.36693    -0.5587727      1.813974       -0.8572       -1.1504      -0.62357      1.088110      -1.93976       1.39236
      42      -0.93031      -0.99398      -1.32970      0.447175       -0.6961        0.1583     0.0127047      -2.41588  -0.091100988      0.379855
      43     -1.287548     -1.343058     -0.093361       1.55934       1.43058      1.710529     -0.872323     0.5540151       -0.5391      0.691636
      44    -0.0923372       -1.8540     0.5687335      -2.07786       2.34761      2.706124     -0.651361      -0.04970     0.0797895      0.367922
      45      0.591734      -1.65366      -1.03044      0.840861       0.45002       -0.6598    -1.3239226      0.363846    -0.4190851      0.984351
      46   1.065590620       0.70165       0.32010      0.288878       0.88259      -0.72996     -1.591216      0.595189     0.2733337       0.29811
      47      -0.13263      -2.25107       2.89359      2.742155       -0.5102           202    0.83335115      0.088922     0.2533886      0.343292
      48       1.07350      -0.66904      0.715353       0.70766       -2.5487         19860      1.468340       0.65741      -0.58221       0.04788
      49      0.512467      -0.28431     0.5254102      -2.05087       0.21190       1.11050      0.751354       0.21786       -0.7805       0.07035
      50     -1.186302      0.120607       -0.1744       0.49944        1.3888      0.850541      -0.83153      -0.96749      -0.86572      -0.87044
      51    -1.0385341      1.991515      1.299629      -0.59207       0.04965      2.478005     -1.778694       0.39575      2.003271       0.14882
      52      -0.55134      1.269867      2.260747      -0.18291       1.19345       -0.9593     0.2639665       0.63903      -0.45165       -0.5297
      53     0.6329174      0.874996   -1.04936913        -0.607       0.41813      -1.54177      -1.02519      0.325974      0.805144       0.27373
      54     -0.075940      1.682478     0.2021871      -0.52796       -2.0712      0.526165      -0.45028     -0.348753      -0.10561      -0.86173
      55     0.4731356      -0.13888      2.652139      -0.65624       0.27956       -0.6077     0.7298136      -0.88718      0.077327       0.07341
      56     0.4160261      -1.87920    0.57545884      0.102062       1.18430      -0.79484      -0.12590     -0.960346      -0.84391      0.628341
      57      0.537214      -0.14037     0.1416416       0.31196       0.76908      0.584285      1.788592      -0.02463      1.490289     -0.321077
      58     0.5608060      0.270785     0.7666687         0.033       1.76057      -2.03358     0.8602361     0.6981684     0.7682132      1.751795
      59      1.326070      -1.40490      1.125136       -0.4410       0.22022      0.448111     -0.845090     -1.370429      0.155500    0.14450989
      60     -0.575960      -0.91280      0.005986       -0.3003       -0.0570      1.848032     0.5833765      1.338185     -0.621637      1.604658
      61      -0.02147      0.132880      0.061526       0.36731       -1.5476       0.00138      0.681042      1.428401     0.4523405      -0.66544
      62     -1.378447       0.33179     -1.807529       -0.1364       0.53465      0.104580      -0.26070     -1.895433      -0.04628     1.0587721
      63     -0.245661        -0.414      0.404397       0.70342       0.88882      -0.87086      -0.48585      0.302742      0.999542      1.406715
      64      -0.60491      0.894173    1.32686562       0.28659       -0.2176       -0.9731     1.0798127      -0.00702     1.4581008       1.78907
      65      -1.33256      -0.46787      -0.10298      -1.04640       -0.8167        1.5179     -0.617795      0.262858     -1.900427       -0.6660
      66     -0.793734      -0.80927      -0.12786       -0.1354       -1.4788      -0.49290      0.794947     -1.092213     2.0865146      1.316652
      67      -0.46641      -2.13731      -2.15491       -0.7503       -0.7280       -0.9489      1.753800      0.975203     0.9137997      -0.70630
      68     0.8453939      -0.00143     0.1132885       0.46810       2.84778       -1.4402     -0.169751       -1.8053     0.6080220      0.218203
      69      2.175470      0.577049      -1.47318      -1.24675       1.78606      -2.30658     0.9921342   -0.91563285     -0.243897      0.034812
      70      -1.20670      -0.78227       -0.0825       1.72933       0.65827      -0.79310      -0.01755     -0.800560      0.161038      -1.03602
      71     -0.340441       1.77556      -1.25453      0.786215       -0.2788      0.693456     -0.131956      -0.04028      0.033678        1.4068
      72      1.055335      0.211095      1.446393       1.19229       1.11955       1.23112     -1.323171     1.7151872      -1.17357      -0.11352
      73      0.704551      -2.08699       0.07664       1.06367       0.23040      0.800850      -0.51815     -1.544308      0.109807     -1.195190
      74     -0.289112      -0.86450   0.227022466       -0.8240       -0.4304       2.28141     -0.008205      -0.19136     1.2605156      0.498894
      75      1.410003      0.415301      0.391957       -0.2223       1.43540      0.334722      0.018763     2.1007330       -2.0747     -0.626460
      76      0.855082       -0.8143      -0.69289      0.615313       0.06980       0.71419     -0.621046       0.00663      -0.50059       -0.9927
      77      -0.98682      0.759064      -2.31260      -0.32317       -1.0739       0.30986     -0.310434       0.63588      0.427389       -1.8129
      78    0.52038717      -0.39144     0.0123556       -0.2863       0.48933      2.275657     -0.110541      2.254777     -0.611964      -0.33099
      79     1.2419635       0.16210     0.7105664       0.36700       1.66673      -1.36326      -0.98213      0.408619      2.777052      -0.61456
      80      0.554050      1.869021     0.9902640      2.301561       -1.5931       -1.1062     -1.995384      -0.52046      0.272640       -0.8414
      81     0.3006887       0.29613      -0.70743        0.5006       -0.6296      -0.82065       1.09399     1.9104747      0.932785       -0.5315
      82     0.5545297      0.972545       0.53084       -0.1949       -2.6476      0.717493      0.023271      0.097893       -0.6133      -2.15084
      83      -0.14102      1.135901     0.7163322       -0.5745       0.05021       -0.3735    -2.0139782      0.168239       1.48346      1.906119
      84      -0.21736       0.58437      -1.83784      -1.19830       0.40265       0.48410     -1.533843       -0.8741      -0.79632      0.743140
      85     -0.259042      0.041788     1.0992416      0.534623       -1.0100      0.067229      -1.07617     0.1260544      1.175138    0.86744888
      86      0.699060      0.474507     0.9590749       0.28223       0.75955       0.15472     0.5320753      0.254969      0.992710       1.06991
      87      -0.53127      -1.03330      -0.18709      1.896015       0.68077       -2.3157      0.733671        -0.946    0.09817191       -1.5250
      88       -2.3451      1.700549      1.004269      1.565576       0.61528      -1.46456     2.0824926        -2.801     -0.128697       -0.6538
      89     -0.693869       -2.2873      -1.46686       -0.4020       1.41893      -0.94641      0.491311      0.536785      0.938207      -0.58128
      90     1.1957560      -1.13297     0.6509635      -0.71172       -0.7710      -0.59921      -1.54017      -0.94426      0.342426       0.68143
      91      -0.12499      1.015729      -1.52814       -0.0661       0.73156       0.84253     0.0008030      2.242874    0.21872734      -1.14232
      92     0.2977226      -1.50098      1.024549      -0.32202       -0.4172      0.283283      -0.11692     -2.020306       -2.2410      -0.32870
      93     0.2166800      0.548388    -0.2692181      -0.83902       0.10634      -0.85080     0.0209558      -1.53532       -0.3310      -1.90040
      94    1.85956421      -0.46745      0.965317      -0.46967       -0.0334      0.106215     -0.803833      -0.47219      -0.38824      0.622519
      95      -0.77441      0.363965     0.6522604       -0.7295       0.09578      0.594511      0.547795      0.315049       1.58856      -0.96215
      96     1.9992055      -0.99890      -0.65669       0.63649         2.258      -0.90269      -1.51556       0.02137      -0.50279       1.98276
      97       0.39415      -0.69812     0.8335066       0.71161       -1.5171       2.81908     0.5600134        -0.018      -0.12785       1.91798
      98      0.339359      0.232295      -1.80383       -0.6369       -1.6727       0.20885     0.5332919       -3.2530     -0.130797         -1.76
      99      0.497777      0.410435       -1.1249       0.01001       0.30158       0.23438      2.052005       0.35075      -1.33699       0.06334
     100      0.150729      -0.07027     -0.242681      0.983634       1.96344       1.49944    -0.6943239       -0.6508     0.6478497       0.30008
     101      2.088476      0.563321     -0.829616       -1.4671       0.20822       1.75099    -0.7937163      0.017208     0.1754154       -0.6220
     102      1.079129      1.263855     0.0436130      -1.86225        -0.480       -0.0594      0.087578      -0.02444    0.12122994      -0.71631
     103     -0.037406      0.780678      -0.65659      0.607064       0.55728      0.997611      -0.29655      -1.87991      0.464719       1.69461
     104     1.5758863       0.95590     1.7320508       -0.3245       0.94786      -0.60364     -0.476838      0.461682      -0.31731      -0.90204
     105     0.8141283      0.215341      1.430315      -1.32360        -0.420      -0.51725     -0.232677    0.72134569       -1.1592     1.0708331
     106     -0.498975      1.158251     1.5010553      1.842961       -1.0132      -0.37642     0.7476215    0.94363376     -0.425561      0.805777
     107      0.056853      -0.55135       -0.6041      1.234968       -0.1031       -0.3688     1.8925694       0.18734      -1.23435       0.10513
     108       -0.2218      -0.33988     0.3096571      -2.26531       0.23496       -0.9972     0.5304469       0.57039      -2.68512       0.48954
     109      0.641860      0.233037     -0.760631      1.243651       0.85027       -0.9541      0.133311       1.39589     1.1488326       1.08959
     110      -0.14069      1.183918      1.555201      2.048984       0.68593       0.44069     0.5480592       -0.0852       0.03145       0.01899
     111    -0.4996487      -0.00619     -0.159635       0.45039       -0.1204      0.385565     0.4560929      0.283732     2.3656014      0.982683
     112       -1.5822      -1.26858      0.943203       1.09601       -0.2963       0.22837     -0.045192      -0.16996      0.769551      -0.98851
     113     -0.715845      0.688356     -0.723002      0.032248       0.33636       -2.0093     0.7131071       -0.0021      1.894765      2.498943
     114     -1.531650      0.029235    -0.4440563     -0.122411        -1.093      -1.12131      -1.95739     -0.679315      0.477698      0.400153
     115     2.7173862      1.448543     -1.040540       -0.1578        1.4382       0.73210     0.2260021     -1.102077     -0.129925     -2.285774
   Label          Mean         Sigma      Skewness      Kurtosis       Entropy           Sum          5th%         95th%           Min           Max
       1      1.412296      0.698800     0.6298732       -0.2360       -1.2483        -60806      -0.10457     0.6958957      1.576039      -0.44113
       2     -1.505397      0.599686     0.9935681       -0.0428       0.64221      1.847030      -0.37099     0.6247678      0.493603      0.692093
       3      0.245000      1.050352      -0.09703      -1.57581       0.32101      0.390620      -0.08606     -0.376459      0.275369      -1.46987
       4    1.32687553      -0.28941      -0.29078      -0.33997       -1.4022      0.326382     0.2034114      0.986495     0.1588834      0.247486
       5      1.929553      -0.25128     0.1664168      -0.55810       -0.3600       -0.0362      -1.48365     -0.236285      0.532064      1.122364
       6     0.5912116      1.970292      0.731092      -0.57792       -0.1637       1.00881      1.795775      1.247212      0.626374      1.568320
       7     0.4905248       0.46405      1.000892        0.1478       -0.3869       -1.3306       -0.8034      0.263040      -0.16785         1.806
       8     -0.857691      -2.15532      -1.30672      -0.66431       -0.9796      -0.49158      0.220540      -0.28628      -0.44644       0.21233
       9     -0.397411      0.706335     0.0654165      -0.22733       0.48905      -0.86750     -0.465040        -1.022      -0.37007      -0.65687
      10     -0.106500      -1.07885      -1.15682        1.6384       2.23876      1.563937     0.1408016      -2.01754     0.9190585      -0.04413
      11     -0.416811      0.522126       0.56134      1.562431       2.08882       0.33039     -0.630348     0.1942418     -1.323830      -0.36609
      12     -1.061129      0.938927      1.274643         -0.25       0.48877      0.390650      0.793533     -0.038972      1.085840      -0.52542
      13     1.0507367      1.222600      -0.03337       0.45301       0.09278      0.598284     0.6763896      0.260471     -0.224019      0.825004
      14      0.462313      2.382766    -1.0770085       1.94634       0.41916       0.80529     -0.614907      -0.40175     0.3631182       0.03115
      15     -1.379568      0.080526       0.08864      -0.45764       1.03111      1.222996      -0.81420     -0.301462      -0.55592       0.17986
      16     1.0303079      0.443613       -0.1649       -0.5069       1.52492      1.306188     0.4940368     -1.209678      0.986077      0.147101
      17     -0.974136       1.41398     0.5418751      -1.34188       -0.2515       -0.1449     -0.530612      0.629411       1.05134        -0.365
      18      2.032605      0.267639      1.818011       0.48022       1.03928      1.457875      -0.57614     1.1174095      -0.82136      -0.03525
      19     0.1239063      0.857983      -1.73093       0.18558       -0.0197      -1.62149     -1.729204      -0.27488     -1.501111      0.303394
      20    -1.0782498      -0.43877     -0.607886      0.238707       0.41489      -2.09565     -2.105616      0.788022      -1.03111      0.441733
      21     0.3502668      0.184747     0.0513945      0.426512       -1.1594       0.13023     0.4259726       0.79472      0.680194      -0.18187
      22      0.199017      0.208783      -0.71319      0.139409       0.22999      -0.38256      0.134935      1.170488      -0.56988       2.36061
      23       0.16363      0.631239     1.0040469      0.337558       -0.6197      -0.16530       0.68634      0.478877      -2.71993      1.700912
      24     -0.294362      -0.63269     0.5906509       -0.7462       0.48451      -0.89128     -0.075058    -0.0089827      0.959093      0.662567
      25     -0.294168      -2.09633     -0.786384       0.43006       0.74861      -1.03539      0.141397    -0.2661281      1.473575      1.235114
      26      0.422511      -1.96218     -0.214057      -0.41842       0.05502       -1.4407     1.1838701      1.565740     -0.218949      -0.25079
      27     -0.404506      -0.00231     0.6006344      1.534579       0.05044      0.004431      1.406048      -1.16934      0.999194       1.00626
      28      0.656830      -0.61761       0.62000       0.58980       1.74031      -0.16943      0.668277     -1.108418      0.254954      -0.02920
      29     -0.593111      -0.32382     1.9193822      0.496883       0.11860      -1.10397      -0.49703     0.3129407      0.226165      1.463108
      30      0.025263      -0.13879     -0.016996      0.097042        -0.061      0.167654      0.653907     1.3024284      -0.41016    -1.3310841
      31     0.6173501      1.569187      -0.08208       0.68188       -0.7257      0.204399      -0.44320      -0.31608      -0.61136      -0.40694
      32     -0.369148      0.180657    0.13507455      0.968621       -0.0943      -0.94762     -0.234292    -1.0913900     0.9971762      1.086480
      33     -1.299026      -1.30426      1.182555       -0.4295       0.08241      -2.13951      1.246867     1.8053118      0.316882      -0.97156
      34     1.6467640      0.146397     -0.242427       2.02399       -0.9156      0.646477      -1.19992      0.783796      -0.53790      -1.21708
      35      2.012856      0.098533    -0.9425713      -1.52528       -0.7511      1.153165      -0.09281     -1.111536      1.553357     -1.027564
      36      -0.07171      0.445525     -0.121859      0.190848       -2.2721      -2.91449      0.390935     -1.165738      0.811856      -0.96284
      37      -1.56796      -0.15194     -0.432380       -0.0357       1.51281       -0.7759     -0.271768       1.01964     -0.435243       -1.0154
      38     0.1859100      0.563153       -2.4189      -0.71681       0.57504      0.480736       0.37011      -0.16244      -1.30250       -0.1921
      39      1.660738      0.868712      -2.01516       -0.9969       -1.0342      0.879521      0.712504     1.7721871      1.246123     -1.163625
      40      0.061574      -0.57646      -1.59293       0.71568       0.92485      -0.36614      1.521628     1.2979546      -0.25351      -0.38246
      41      0.973071      1.069713     -0.544414      -0.06307       0.89381      1.837915      0.584678     1.6045462      0.566613     -0.775987
      42     1.0848886      2.241989     -0.924755      1.128889       -1.1287       -0.7247      0.623571     1.4379664      0.274141     -0.504469
      43     1.1066709      0.693304     0.3673723      -1.54074       0.11761      -0.80578     -1.569283     -0.299788      1.926271       0.81781
      44     0.0405035      0.058993     -0.047880       0.39856        -0.266      -1.06403      -0.62244     0.6296247      0.482573     -1.072948
      45      -0.12052      0.593799    -0.7965464       1.63305       -0.8911      -0.36462      1.681920     -0.408133      -1.47825     -0.810588
      46     -0.705703      0.905433      0.288755      -0.14549       -0.0740      0.174253      1.332829     -0.385866       -0.7820      -0.28464
      47     -0.394078      0.307382     -0.380658       -0.3190       -0.7077       -0.7443     -0.478694     0.2677618      0.637665     0.2610730
      48      -1.46243      1.165510      2.854424      -0.29413       -1.0428       0.22906     1.1656855        -0.474     0.7142283       0.03185
      49      1.309733       0.54281       0.37179      -1.57958       -0.3959      0.354125      2.262335      0.823682      0.494774      -1.13109
      50      -0.20180      -2.03995     -1.543405       -1.0498        -0.849      -0.49471      -1.12743     0.0913119      -1.22154      0.685182
      51     -0.824043      -0.19681      -0.29067      -0.88726       0.51763      -0.79107      0.371309      -0.58168      -0.00812      -0.57770
      52     1.6348441      0.895244     2.7308453       -1.3746       1.76787      0.410253      0.622930     0.0110567       0.07186     -0.302501
      53    0.94336568      -0.01442      0.803050      0.326911       1.91095      0.365076     1.2087160      -0.32322      -0.68352       0.32261
      54     -0.114110      -0.12017      -0.30957       -0.4355       1.80870       -0.8117      0.253080    -2.0931010      0.841545      0.514486
      55      1.007383      -0.66181       -1.5566        -0.325        2.4027        -18528      -0.12240      0.363628      -0.28256      0.866375
      56       -0.9900      0.104197     0.2635174       1.27593        1.7087       -2.2415     -0.238962       -1.5220     -0.733373       0.66702
      57     1.1550793      1.237278      -1.88092       -1.3440       -1.2869      -0.78300     -0.029070      0.471154     -0.054627      -0.40338
      58     1.2453451      -0.97682     -0.279234      -1.19214       -0.5456      0.624117      -1.84211     -0.665326      -0.61466     -0.426808
      59     -0.008986      -0.48680      -0.65089      -0.09798       -0.1678      -1.60434     -1.779199      -0.57256     0.6999460      -0.19670
      60     -0.746451      0.937748     -2.625401       0.74616       0.67411      1.014267      -0.08071     -0.221647      -0.64635     1.3740846
      61      -0.91291      0.479711      0.742366      0.231547       -0.9069      2.481945      0.226619     -0.137916      -0.54154     -0.804591
      62       0.93062      1.543065       1.38178       -0.1666       -1.6585       -0.5543      0.506683       0.15247     -0.372381        -1.117
      63     -0.427814      0.939183       -0.9207      -0.44263       0.68065      -1.03617     -1.751113      0.534143     0.6998326       0.21283
      64     -1.443120      -0.12563      1.576356      -1.43653       0.27732      -0.56461      0.210231     -1.212812      -1.68370     0.5489390
      65     0.1330896      0.233366       -1.4844        0.4318         1.267      -0.54038     0.3364906      -0.50047      0.890586      -0.82649
      66      -0.12521      0.856918       0.46182        -0.949       -0.0388      2.372396     -0.098936     2.2678590      -0.40394      -0.59369
      67     0.3266758        1.1801      -0.92732      -0.27271       1.83277      -0.24720     1.2102900     2.0705255     -1.989334      0.091526
      68     -2.376399      -1.81821     -0.232026      1.256811       -0.6223      1.489887      -0.07539     0.2873306      -0.01021     1.1518110
      69      -0.08040      1.267674      -0.86622      -0.86033       -0.1738      -1.14083      -1.12716     0.5842929      0.211545     -1.030185
      70      1.185758      -0.56586       0.24915      -1.17878       -0.4734      1.064339      1.267505     -1.078300      -0.49603      -0.46316
      71      -0.60462      0.820688      -0.38090      1.316157       -1.6340        -16348      0.477677     0.9794150      -0.81391     -0.313444
      72      -1.14168      -0.78245     -1.015002       1.07154       -0.8518       1.72858      1.171279     -0.614941      -0.18323     -1.335055
      73     -1.747210      0.816064     0.4762303       0.23507       1.42869      0.043412      -0.12689     0.0345981       1.18481      -1.30952
      74      -0.18680      1.969326      0.150065       -0.5240       1.78466       0.03190     1.1212879      -0.36573     0.7798441      -0.41265
      75     0.5211703      0.943156     -1.218773       -0.6661        0.4724      0.661290      -0.36202      0.876808      1.694051       -0.3763
      76      -0.91997      0.397111     -0.072041      0.205317       1.13206      -0.30008      0.945866    0.96857366        -0.577       -1.6328
      77     -1.743075      1.407982     3.1320297      0.463812        0.5544      0.799216      -0.25359     0.0876906      -0.66095      0.549570
      78      0.771933      0.691921     -1.110008      1.332051       0.64878      -0.00060      0.128801     -1.178164      -0.07410      -0.04628
      79     1.2569170      0.056067     -0.125731      0.049379        0.0504      -0.60256      0.434325      -0.75153      -0.37450      -1.57534
      80     0.3046129       0.07751     -1.006055      -0.44406       1.16114       -0.2690      -1.66305     1.6361299      1.320057     -0.089035
      81       -0.5004      -0.93562      -0.11947        -0.087       -1.4780        0.1252     0.1958323       0.88675     0.0139235       -2.0943
      82      -0.38552       -1.4089     0.0764414       -0.4124       0.48278       0.66602     0.1049098       -1.5635     0.9586428       -1.5419
      83      -0.31801       -1.4227     -0.169540       1.46157       0.74998      0.338231      -0.31517     0.4714376      -1.74528     -1.278286
      84      0.756302      -0.42915      1.282185      -1.32798       1.38503      0.295383      0.689091      0.330767        3.0127     -1.098582
      85       -0.7721      -0.71375     1.7142367       0.48482        0.0407       -1.6762      0.888368       0.95617      1.848191         -0.28
      86     -0.794381      0.111296      -0.28462      -1.17070       1.12431      1.973837      0.783604      -0.24323      -0.72806       0.33301
      87      -1.10865      0.666598       -0.2353      -0.69545       0.34177      -0.03319      -0.39996     0.6812234      -0.61770     -0.981111
      88      -1.67129       2.82178     -1.078683      0.420403       1.20280      -1.83296      -0.48881       1.15476       -0.2850      1.162750
      89     -0.135194       0.29376       1.44545      -1.24356       -1.8130      1.037060     2.0959250      -0.20018     0.1411573       -0.5885
      90      0.787687      0.661249    0.59264562       -1.2021        -0.459      0.262058      1.390957     -0.948186      -1.93170     0.7160882
      91      0.704143      -0.26804     -1.068459      -2.84493       -0.0583      0.316529       -0.6837     -0.212507      -1.16814    -0.4070131
      92     -0.333856      -0.93011     -0.485400       -0.8606          0.88      0.491177      -1.01789      -1.35240      0.877927      0.728806
      93      -0.36479      -1.19922     -1.466452      -0.68974       -0.0974      -0.45375      0.644544       -0.5106      -0.35776     2.1929590
      94      -0.56487      0.294419     -0.805407       1.02762       -0.9135      0.006244      0.045252     1.3599742      -1.08535     -0.172503
      95      -1.41363      1.290975     1.0973546       0.76392        -1.154      1.253404      0.362888     1.5930203      0.216767      1.100209
      96     -0.258173      0.368898      -0.17792       -0.7225        0.7178      0.823981      -2.98483      -2.40018       1.79760       1.50895
      97     0.1876677      0.003641     1.2480877      -0.06861       1.64459       -130057      1.037086     0.7714597      -0.53042      0.779503
      98      -1.14897      0.714515      -0.04500      -1.19185       -1.1689      0.143280      -0.36617     0.5021856      0.275823      -0.95606
      99      -0.15388      0.656278     0.2404884      -0.08098       1.03572      1.179682      0.819973     -1.143294      -0.25697      0.395559
     100      -1.76182      0.479414      -0.29893       1.63894        0.6052      0.121477      0.435964     -0.632602      0.772557     1.8569153
     101       2.00213       0.13705     -0.446176      1.409411       0.00048      0.107944      -0.73834     1.2322766      -2.17373     -2.021007
     102      -0.65117      -0.14069       -0.9332      -0.82302       0.42854      1.709700      -1.55552      0.591373       0.36120      1.347985
     103      -0.97706      -1.06996     -0.698523      -0.83730       -0.3014      0.682363      -0.49854    -0.4606145      1.207136      -1.28293
     104     -0.280183      -0.78546       -1.7407      -0.19463        -0.520       -0.2323      -0.00203     -1.450516       -0.3193     -0.687211
     105      -0.78543      0.250748      -1.22727      -0.53617       -0.7366      0.037664        2.0388     -0.319418      0.472606     0.0135325
     106      -1.24175      -1.07993     0.9279398       -0.2137       -0.7959      0.152905      -1.03731      0.326716      -0.33275      0.074113
     107      -1.69951      0.201656     1.4856629      1.161767       0.09436       -211245      -0.52629    -0.3597523      -1.05166       0.17048
     108      -1.22071      -1.18753     -0.143993      0.519927       0.65844      -0.04546      0.507610     0.9691250      -0.63370    -0.4020800
     109      -0.94815      -0.46278     1.0840267       -1.2714       2.02531      -1.40633       0.28105      1.112263       1.26282      -0.01137
     110      1.726629      -0.03767      1.497081       0.63230       0.74654      -0.22561      0.388814      0.707293      0.007700      -1.71939
     111      -0.25919      -0.18408    -0.6841413       2.61400       -0.3360      -1.59137      0.071430     -1.132767      -0.03120     0.3787246
     112      -1.66114       -1.6335      0.308829      1.227735       -0.1471      -1.01367      0.422375      -0.89930      -0.72101        1.6522
     113      0.010118      0.147425     0.4463983       0.33787        -0.602       0.62967      -0.61655    0.64179452      -1.15841      0.290399
     114     -0.682366      1.681414     -1.898398       -0.3234       -0.0904      1.091604      0.535137      0.534017      -2.09133      1.047323
     115      1.123540      1.161817     0.5571082      -0.67079       -0.4914      -0.93546      0.201906      1.042973       0.26069     -0.149679
Procss file name: BR-1055
Procss file name: SF-1118
Procss file name: SF-1227
Procss file name: SF-1279
Procss file name: SF-1330
