Label  Volume(voxels)SurfArea(mm^2) Eccentricity   Elongation     Orientation    Centroid                      Axes Length                   Bounding Box                  
1      50538     1.62434        -0.61175       -0.5281        -1.0729        [0.86540, -2.3015, 1.74481]   [-0.7, 0.3190, -0.2493]       [89, 142, 156, 194, 43, 131]  
2      12135     1.4621         -2.06014       -0.3224        -0.3840        [1.13376, -1.0998, -0.172]    [-0.8778, 0.04221, 0.58281]   [116, 137, 96, 151, 53, 91]   
3      22383     -1.1006        1.14472        0.90159        0.50249        [0.90085, -0.6837, -0.1228]   [-0.9357, -0.267, 0.5303]     [89, 119, 111, 177, 89, 155]  
4      20155     -0.6916        -0.39675       -0.6871        -0.8452        [-0.6712, -0.0126, -1.1173]   [0.23441, 1.65980, 0.74204]   [113, 144, 116, 160, 91, 141] 
5      4408      -0.1918        -0.88762       -0.7471        1.69245        [0.05080, -0.6369, 0.1909]    [2.10025, 0.1201, 0.61720]    [123, 147, 143, 159, 67, 100] 
6      5286      0.30017        -0.3522        -1.1425        -0.34934       [-0.2088, 0.58662, 0.83898]   [0.93110, 0.28558, 0.88514]   [124, 149, 127, 145, 70, 104] 
7      30955     -0.7543        1.252868       0.51292        -0.29809       [0.4885, -0.0755, 1.13162]    [1.51981, 2.18557, -1.3964]   [89, 154, 86, 134, 72, 156]   
8      19336     -1.4441        -0.50446       0.16003        0.87616        [0.31563, -2.0222, -0.3062]   [0.82797, 0.23009, 0.76201]   [103, 153, 126, 152, 26, 73]  
9      2267      -0.2223        -0.20075       0.1865         0.41005        [0.19829, 0.11900, -0.6706]   [0.37756, 0.12182, 1.12948]   [138, 156, 111, 127, 49, 77]  
10     2834      1.19891        0.18515        -0.3752        -0.6387        [0.42349, 0.07734, -0.3438]   [0.04359, -0.6200, 0.6980]    [140, 160, 83, 111, 65, 89]   
11     3471      -0.4471        1.224507       0.40349        0.59357        [-1.0949, 0.16938, 0.74055]   [-0.9537, -0.2662, 0.03261]   [136, 158, 112, 128, 37, 66]  
12     10336     -1.3731        0.315159       0.84616        -0.8595        [0.35054, -1.3122, -0.0386]   [-1.6157, 1.12141, 0.40890]   [137, 161, 79, 115, 41, 77]   
13     6226      -0.0246        -0.77516       1.27375        1.967101       [-1.857, 1.23616, 1.6276]     [0.33801, -1.1992, 0.86334]   [133, 158, 62, 82, 57, 85]    
14     2403      -0.1809        -0.60392       -1.2300        0.55053        [0.79280, -0.6235, 0.52057]   [-1.1443, 0.80186, 0.04656]   [127, 148, 112, 128, 24, 44]  
15     8281      -0.186         -0.10174       0.8688         0.75041        [0.52946, 0.13770, 0.07782]   [0.61838, 0.23249, 0.68255]   [129, 157, 78, 116, 32, 58]   
16     4954      -0.3101        -2.43483       1.03882        2.18697        [0.44136, -0.1001, -0.136]    [-0.1190, 0.017, -1.1220]     [130, 155, 61, 81, 43, 67]    
17     23688     -0.5170        -0.99702       0.2487         -0.29664       [0.49521, -0.1747, 0.98633]   [0.21353, 2.19069, -1.8963]   [91, 157, 74, 120, 83, 152]   
18     8878      -0.6469        0.901486       2.52832        -0.24863       [0.04366, -0.2263, 1.33145]   [-0.2873, 0.6800, -0.3198]    [99, 133, 66, 87, 109, 145]   
19     5785      -1.272         0.313547       0.50318        1.29322        [-0.1104, -0.6173, 0.56276]   [0.24073, 0.28066, -0.0731]   [125, 156, 84, 102, 90, 125]  
20     6847      1.16033        0.369492       1.90465        1.11105        [0.65904, -1.6274, 0.60231]   [0.42028, 0.81095, 1.04444]   [121, 156, 73, 86, 79, 127]   
21     6319      -0.4008        0.824005       -0.5623        1.95487        [-1.3319, -1.7606, -1.6507]   [-0.8905, -1.1191, 1.95607]   [123, 154, 63, 76, 82, 125]   
22     31597     -0.326         -1.34267       1.11438        -0.5865        [-1.2368, 0.87583, 0.62336]   [-0.4349, 1.40754, 0.12910]   [96, 150, 36, 69, 78, 144]    
23     14909     1.61694        0.5027         1.55880        0.109402       [-1.2197, 2.44936, -0.5457]   [-0.1988, -0.700, -0.2033]    [115, 151, 36, 64, 52, 89]    
24     4587      0.24266        0.201830       0.66102        1.79215        [-0.1204, -1.2331, -1.1823]   [-0.6657, -1.6741, 0.82502]   [89, 113, 37, 64, 68, 91]     
25     3850      -0.498         -0.31098       -0.0018        -1.3966        [-0.8613, 0.67471, 0.61853]   [-0.4431, 1.8105, -1.3057]    [89, 102, 154, 178, 40, 70]   
26     5594      -0.3449        -0.23083       -2.7           1.93752        [0.36633, -1.0445, 2.05117]   [0.58566, 0.4295, -0.6069]    [89, 101, 109, 132, 116, 152] 
27     4464      0.10622        -1.52568       0.79502        -0.3744        [0.13404, 1.20205, 0.28474]   [0.26246, 0.2764, -0.7332]    [89, 103, 133, 157, 45, 72]   
28     10548     0.8360         1.543359       0.75880        0.88490        [-0.8772, -0.8677, -1.4408]   [1.23225, -0.2541, 1.39984]   [89, 104, 130, 177, 58, 131]  
29     9184      -0.7819        -0.4375        0.09542        0.92145        [0.06075, 0.21112, 0.01652]   [0.17718, -1.11, 0.08092]     [89, 103, 106, 168, 62, 124]  
30     7386      -0.186         -0.05682       0.49233        -0.6806        [-0.0845, -0.2973, 0.41730]   [0.78477, -0.9554, 0.58591]   [89, 105, 69, 108, 67, 122]   
31     18800     2.06578        -1.47115       -0.8301        -0.8805        [-0.2790, 1.62284, 0.01335]   [-0.6946, 0.62180, -0.599]    [89, 111, 42, 87, 73, 143]    
32     4079      1.12341        0.305267       1.38877        -0.66134       [3.03085, 0.82458, 0.65458]   [-0.0511, -0.7255, -0.8677]   [89, 111, 38, 59, 86, 115]    
33     12700     -0.1359        -0.79726       0.28267        -0.82609       [0.62108, 0.95612, -0.7058]   [1.19268, -0.2379, 1.15528]   [97, 141, 130, 161, 43, 77]   
34     4389      0.43816        1.122328       -0.9970        -0.1067        [1.45142, -0.6180, -2.0372]   [-1.9425, -2.5064, -2.1141]   [97, 124, 102, 131, 31, 53]   
35     2639      -0.4116        1.278528       -0.442         0.323527       [-0.109, 0.00854, -0.1681]    [-0.1741, 0.46116, -1.1759]   [98, 123, 83, 104, 42, 69]    
36     10705     1.01012        0.920017       -0.1950        0.80539        [-0.701, -0.5372, 0.15626]    [-0.190, -0.4487, -0.6724]    [89, 121, 37, 85, 53, 83]     
37     2025      -0.5574        0.939168       -1.9433        0.35249        [-0.2364, 0.72781, 0.51507]   [-2.7825, 0.58464, 0.32427]   [109, 129, 114, 127, 24, 43]  
38     6407      0.02186        -0.46867       0.85328        -0.4130        [1.83471, 0.56438, 2.1378]    [-0.7855, -1.7559, 0.71478]   [110, 136, 79, 117, 30, 60]   
39     4738      0.85270        0.035360       -1.53          -0.4478        [0.61798, -0.1841, -0.1159]   [-0.1754, -0.9339, -0.5330]   [107, 137, 62, 83, 45, 64]    
40     6387      -1.4265        1.767959       -0.4753        0.47761        [-1.0218, 0.7945, -1.8731]    [0.92061, -0.0353, 2.11060]   [99, 136, 37, 65, 50, 67]     
41     2664      -1.3065        0.076380       0.36723        1.2328991      [-0.4228, 0.08646, -2.1424]   [-0.8301, 0.45161, 1.1041]    [121, 140, 131, 152, 68, 87]  
42     8230      -0.281         2.056355       1.76024        -0.0606        [-2.4135, -1.7775, -0.777]    [1.11584, 0.31027, -2.0942]   [123, 154, 100, 132, 67, 95]  
43     4179      -0.228         1.613361       -0.3748        -0.7499        [138, 2.05462, 0.05340]       [-0.4791, 0.35016, 0.01716]   [122, 153, 85, 100, 83, 102]  
44     3539      -0.4291        1.20845        1.11570        0.84086        [-0.102, 1.14690, -0.0497]    [0.4666, 1.03368, 0.8088]     [127, 151, 99, 127, 49, 78]   
45     2699      1.78975        0.451284       -1.6840        -1.16017       [1.35010, -0.3312, 0.38653]   [-0.8514, 1.00088, -0.384]    [122, 148, 94, 114, 70, 87]   
46     4248      1.45810        -0.53223       1.1181         0.674396       [-0.7223, 1.09899, -0.9016]   [-0.8224, 0.72171, -0.6253]   [122, 156, 82, 114, 72, 93]   
47     772       -0.5938        -0.34390       -1.0001        1.044994       [0.60851, -0.0693, -0.1083]   [0.45015, 1.7653, 0.87096]    [89, 112, 39, 65, 77, 93]     
48     20769     -0.5084        0.777419       -0.1187        -0.1989        [1.86647, -0.4189, -0.4791]   [-1.9521, -1.4023, 0.45112]   [89, 131, 20, 39, 52, 113]    
49     56736     -0.6949        0.515413       -1.1148        -0.7673        [0.67457, 1.46089, 0.59247]   [1.19783, 1.70459, 1.0400]    [36, 90, 155, 195, 43, 133]   
50     10927     -0.9184        -0.10534       0.63019        -0.4148        [0.45194, -1.579, -0.8286]    [0.52887, -2.2370, -1.1077]   [43, 63, 97, 152, 52, 92]     
51     19657     -0.0177        -1.71939       0.05712        -0.7995        [-0.2915, -0.2589, 0.18929]   [-0.5637, 0.08968, -0.6011]   [62, 90, 110, 177, 89, 153]   
52     18182     0.55607        1.693809       0.19686        0.16986        [-1.1640, 0.69336, -0.7580]   [-0.8088, 0.55743, 0.18103]   [36, 67, 118, 156, 91, 139]   
53     3624      1.10717        1.442876       -0.5396        0.12837        [1.76041, 0.96653, 0.7130]    [1.30620, -0.6046, 0.63658]   [32, 53, 142, 157, 68, 99]    
54     4549      1.40925        1.620912       -0.8061        -0.2516        [0.38271, -0.2889, -0.3918]   [0.68400, -0.3534, -1.7879]   [31, 55, 127, 145, 72, 106]   
55     30501     0.36184        -0.42449       -0.7315        -1.5657        [1.01382, -2.2271, -1.6993]   [-0.2758, 1.22895, 1.30970]   [25, 91, 89, 135, 75, 157]    
56     18346     -1.154         -0.1776        -1.5104        1.0112070      [-1.4765, -0.1431, 1.03298]   [-0.2224, 1.47016, -0.8700]   [28, 74, 129, 152, 24, 74]    
57     2072      0.36919        0.853282       -0.1397        1.386314       [0.54812, -1.6374, 3.95860]   [0.64864, 0.10734, -1.3988]   [23, 41, 116, 131, 50, 75]    
58     2599      0.08176        -0.45994       0.64435        0.371670       [1.85300, 0.14225, 0.51350]   [0.37245, -0.1484, -0.1834]   [20, 44, 89, 115, 59, 88]     
59     2996      1.10100        0.780027       -0.6294        -1.11343       [-0.0674, 1.16143, -0.0275]   [1.74643, -0.7750, 0.14164]   [23, 42, 117, 130, 35, 65]    
60     9938      -2.5163        -0.59566       -0.3091        0.51093        [1.71066, 0.03494, 1.4539]    [0.66168, 0.98635, -0.4661]   [18, 45, 85, 118, 42, 76]     
61     8027      1.3849         -1.07296       0.4951         -0.9520        [-0.5181, -1.4614, -0.5163]   [0.35111, -0.0687, -1.3477]   [20, 51, 65, 88, 60, 88]      
62     2404      1.47073        0.33722        1.00806        0.785226       [-0.6648, -1.945, -0.9154]    [1.22515, -1.0535, 0.8160]    [33, 52, 116, 131, 23, 42]    
63     7711      -0.6124        0.393109       -1.8239        1.16707        [-0.0396, 0.88582, 0.18986]   [0.79806, -0.1019, 0.74335]   [23, 48, 84, 118, 28, 59]     
64     5760      -1.5095        -1.08071       0.72547        -0.0391        [-0.2287, -0.1796, 0.5017]    [-0.5933, 0.51030, -0.9157]   [22, 46, 63, 86, 45, 68]      
65     21319     -0.407         0.984951       1.07125        -1.097         [0.83863, -1.0391, 0.73302]   [-1.8988, -1.1171, -0.5089]   [22, 90, 78, 120, 83, 152]    
66     9958      -0.1664        1.423614       0.90399        1.57546        [1.20660, -0.2828, -0.266]    [1.06897, 0.04037, -0.1569]   [47, 84, 68, 89, 108, 145]    
67     4646      -1.3352        -0.10646       -2.7909        -0.4561        [-0.9798, 0.6925, -0.4786]    [-0.3290, 1.34710, -1.0490]   [24, 52, 89, 105, 91, 128]    
68     7683      0.3166         -1.89526       0.0897         0.41026        [0.8598, -0.8986, 0.31965]    [0.31815, -0.0192, 0.15001]   [22, 57, 79, 91, 77, 128]     
69     9330      0.46353        0.397880       -0.9960        -1.195861      [2.5059, 1.91979, -1.3916]    [0.45021, 0.62743, 0.7513]    [23, 58, 66, 82, 83, 128]     
70     32330     0.14039        -0.92687       -0.182         -0.49112       [0.13437, -0.2683, -0.1316]   [1.01855, 1.23055, -1.1811]   [30, 85, 39, 71, 81, 142]     
71     14508     -0.4599        -0.79079       1.22372        -0.0593        [1.44898, -0.4775, 0.02599]   [-1.3486, 1.30253, -0.3626]   [29, 63, 36, 67, 53, 89]      
72     5853      -1.4851        -0.59246       -2.3049        -0.0318        [0.11248, 0.28807, 1.49810]   [-0.3009, 0.80745, 0.31223]   [63, 89, 39, 69, 70, 90]      
73     3591      -0.1933        -2.07680       0.94750        -0.5039        [0.01795, -1.2704, 0.28299]   [0.10803, 0.02941, -0.1347]   [78, 89, 155, 178, 40, 69]    
74     5386      1.04921        0.966220       0.72591        3.321078       [-0.6002, -0.3795, -1.0148]   [0.43598, -0.6874, -2.6983]   [78, 91, 109, 132, 117, 152]  
75     3937      -1.2133        0.072251       1.00978        -1.5569        [-0.6124, -0.1393, -0.7285]   [0.53116, 0.00400, 0.32126]   [76, 90, 133, 156, 45, 72]    
76     10443     -0.7252        1.536536       -0.0003        1.29354        [-0.4389, 0.59003, -0.6793]   [-0.9509, -0.7043, -0.0458]   [75, 90, 129, 177, 59, 131]   
77     9580      -0.2187        1.539207       -1.1487        -1.0903        [1.70018, 0.60878, -1.881]    [0.49726, 0.23733, -2.1444]   [75, 90, 108, 168, 63, 124]   
78     7512      -0.3695        -0.01745       0.73140        0.95449        [0.09574, 1.03345, -0.1462]   [-0.8574, -0.9341, 0.54264]   [70, 89, 71, 110, 67, 123]    
79     20600     -1.9581        0.677807       -1.1065        -0.35922       [0.5053, 1.21794, -1.9406]    [-0.8061, 0.04906, -0.5960]   [64, 91, 44, 89, 74, 144]     
80     4873      0.86162        -2.08639       0.36180        0.42592        [0.04908, 1.10223, -1.2295]   [1.10861, -0.7029, 0.72555]   [69, 90, 38, 63, 87, 118]     
81     10787     -0.3242        0.814343       0.78046        -1.4640        [-0.1544, -0.0924, -0.2378]   [-0.7556, 1.85143, 0.20909]   [39, 82, 131, 159, 44, 76]    
82     5248      1.5550         -0.56914       -1.0617        0.13224        [-0.563, 2.39014, 0.24542]    [1.1525, -0.2242, -0.3260]    [53, 82, 102, 132, 30, 53]    
83     2296      -0.0309        0.355717       0.84958        -0.1221        [-0.680, -1.0678, -0.0766]    [0.57296, 0.45794, -0.0178]   [55, 77, 87, 104, 42, 67]     
84     12664     -0.6001        0.146765       0.57180        -0.036         [0.11236, -0.1505, 0.91549]   [-0.4382, 0.18553, 0.39442]   [54, 90, 37, 89, 55, 81]      
85     2235      0.72552        1.495884       0.67545        0.599213       [-1.4702, 0.60640, 2.29371]   [-0.8300, -1.0195, -0.2146]   [49, 70, 116, 130, 22, 40]    
86     5216      1.0212         0.524750       -0.4771        -0.0359        [1.03703, 0.67261, 2.42887]   [1.00568, 0.35356, 0.61472]   [45, 68, 86, 118, 27, 58]     
87     5937      -0.3489        -0.97777       0.17195        0.490561       [-1.3952, -0.522, -0.3692]    [0.26564, -0.2604, 0.44509]   [40, 70, 64, 88, 45, 65]      
88     6680      0.09811        1.060327       -1.7111        1.65712        [1.41767, 0.05031, 0.65032]   [0.60654, -0.7372, 0.16466]   [43, 78, 37, 66, 52, 70]      
89     2277      0.7781         0.309816       1.05132        0.094996       [0.0807, -0.7678, -0.3645]    [-0.4597, 1.70548, 0.24050]   [39, 59, 132, 150, 69, 89]    
90     6796      -0.9994        0.398598       -0.1920        -3.0537        [0.4798, -1.5526, 0.57846]    [-0.9612, -1.4583, 0.49434]   [24, 55, 103, 134, 70, 94]    
91     3901      -1.4941        -0.44669       0.20437        0.6122325      [0.74488, -0.0362, -0.8323]   [1.92381, -0.6059, 1.80358]   [27, 57, 89, 105, 84, 105]    
92     3126      -0.4525        1.161285       1.06996        -1.0455        [0.35528, 0.7553, 0.70098]    [-0.1989, 0.30196, -0.3946]   [28, 51, 101, 131, 49, 77]    
93     2111      -1.1718        0.98401        -0.5596        1.37975        [0.60245, -0.8926, -0.1611]   [-0.2863, -0.8708, 0.50142]   [31, 55, 97, 118, 70, 87]     
94     2919      -0.4786        1.631691       0.86089        -0.8801        [-0.0190, -0.2267, -1.5645]   [0.93125, 0.94980, 0.92550]   [24, 57, 88, 118, 74, 95]     
95     1158      -0.4569        1.068985       -0.2097        0.9351         [1.8125, 0.14010, -1.4191]    [-0.3169, 0.64098, 1.21987]   [66, 89, 39, 69, 76, 93]      
96     20232     -1.1337        -0.19054       0.23333        0.434998       [0.9104, -0.9484, -0.4234]    [1.00796, 0.3923, 0.44838]    [48, 90, 21, 41, 54, 115]     
97     195322    49439          1.125323       0.10405        0.52800        [-0.3145, -1.3450, -1.2952]   [0.07432, -0.1995, -0.6546]   [88, 151, 32, 184, 35, 150]   
98     15011     0.31801        -0.89027       0.11133        -0.0195        [-0.8399, -2.2982, 1.45652]   [0.31663, -2.6641, -0.4264]   [89, 122, 64, 155, 66, 103]   
99     9874      0.39378        -0.22814       0.58033        -0.9732        [0.17516, -0.0534, -0.1830]   [-0.2210, 0.19975, 0.93272]   [88, 111, 87, 123, 65, 92]    
100    5685      -0.530         -0.40724       0.16056        -0.1201        [0.38560, 0.71829, 1.29118]   [-0.116, -2.277, -0.0696]     [95, 111, 102, 149, 64, 100]  
101    5548      0.35387        -0.18695       -0.1532        -2.4325        [0.50798, -0.3240, -1.5110]   [-0.8714, -0.8648, 0.60874]   [102, 121, 102, 142, 60, 86]  
102    1773      0.56163        1.51475        0.64792        -1.3516        [-1.4092, 1.13072, 1.5666]    [-0.2377, 0.55880, -1.5048]   [101, 116, 105, 129, 65, 80]  
103    37172     -1.9439        -1.17402       -0.3571        -0.5213        [-0.2301, -0.4910, 0.67930]   [1.42754, 0.03619, 2.02999]   [67, 109, 75, 118, 6, 72]     
104    5446      -0.6344        -0.52510       0.38773        -0.3547        [1.17705, -0.6411, 1.32269]   [0.19417, 2.5654, -0.4641]    [97, 124, 82, 122, 43, 76]    
105    2553      -0.2026        0.145651       -2.1810        0.60226        [0.48084, 0.10931, -1.5443]   [-1.5465, 0.58661, 1.17517]   [99, 120, 108, 126, 43, 63]   
106    803       1.59446        -0.8954        -1.0307        -0.2719        [-1.9757, -0.5889, 0.85178]   [1.63460, 0.27915, 1.64055]   [94, 107, 128, 143, 58, 70]   
107    182724    0.41087        0.191363       -0.1714        0.18693        [-0.2548, -0.1409, -0.6618]   [0.25903, 0.01444, -1.47]     [26, 89, 35, 184, 35, 147]    
108    12657     -0.2407        -0.85567       -2.04          0.48388        [1.55868, 2.36973, 1.5624]    [-0.8708, 1.17524, 1.11989]   [55, 89, 71, 154, 68, 103]    
109    9575      -1.9878        0.8612         0.62717        0.1628         [0.28861, 0.05830, 1.63193]   [-0.4017, -0.1999, 0.00738]   [66, 88, 88, 123, 67, 93]     
110    5385      0.27566        -1.76324       1.38797        0.22619        [0.56912, 0.19731, -0.1864]   [-0.3552, 0.09611, 0.15205]   [68, 83, 102, 150, 65, 101]   
111    5976      1.15526        0.346057       -0.1334        1.98656        [-1.2794, -1.3402, 0.35460]   [-0.2123, -1.7745, -0.3122]   [56, 77, 104, 144, 59, 88]    
112    1827      -0.7106        1.131128       -0.6212        1.0506         [0.45978, -0.2063, 0.02117]   [0.42865, -2.3080, 0.32706]   [62, 77, 108, 132, 65, 80]    
113    6067      -0.3791        1.797919       -0.6912        1.14256        [-2.5149, 0.81462, 0.27610]   [-0.2470, -0.1208, -0.2605]   [51, 80, 85, 122, 42, 77]     
114    3060      0.42300        -0.13424       -1.7877        -0.1858        [2.23472, 0.04684, 0.29078]   [-0.438, 0.17405, 0.1779]     [57, 80, 110, 129, 42, 63]    
115    736       -0.2612        0.863263       -0.9230        -0.1301        [0.50505, -0.2670, -1.223]    [0.55826, -0.9821, -0.4473]   [74, 85, 129, 144, 59, 70]    
Label  Volume(voxels)SurfArea(mm^2) Eccentricity   Elongation     Orientation    Centroid                      Axes Length                   Bounding Box                  
1      50695     -0.8281        -0.11072       -0.4293        -0.4745        [0.68097, 1.76260, -0.3575]   [0.52265, -0.3554, 0.09894]   [89, 146, 157, 196, 44, 128]  
2      11175     1.12775        0.0502         -0.815         -0.7299        [-0.6167, -0.013, 0.85801]    [-1.3587, -1.0372, -0.9245]   [118, 139, 95, 150, 54, 92]   
3      19829     -1.7494        1.32592        -0.0363        1.9007         [-1.4243, 1.29418, -0.7016]   [-0.4073, -0.9889, -0.9498]   [89, 120, 110, 179, 90, 152]  
4      18998     5119           -1.32374       0.2163         -1.3142        [-0.241, -0.0092, 0.66661]    [0.10039, 0.32132, 0.51441]   [113, 145, 117, 161, 89, 139] 
5      4477      -0.0172        0.363347       -0.9797        -0.77547       [1.89751, -0.0117, -0.7105]   [1.37987, -0.1568, -0.6464]   [123, 148, 143, 160, 65, 99]  
6      5687      -1.4489        0.779491       -1.0863        -0.53903       [0.64409, 0.18363, -0.0864]   [-0.213, 1.14592, 2.23027]    [124, 150, 128, 147, 69, 104] 
7      31185     -0.5487        0.568904       1.92880        1.079057       [-0.6868, -0.4306, -0.5979]   [-0.9134, -0.6239, 0.26187]   [90, 153, 86, 137, 71, 155]   
8      15938     -0.5870        0.8761         0.12325        -0.39712       [0.88608, 0.3189, 0.2648]     [1.04003, 0.57326, -0.1088]   [107, 154, 126, 149, 25, 71]  
9      1968      0.93755        0.309317       2.91730        1.09868        [1.15321, 1.29099, 0.079]     [1.31289, 0.02335, -0.8311]   [138, 155, 112, 129, 51, 75]  
10     2664      -0.5639        0.527950       -1.561         0.20835        [-0.7283, 0.71821, -0.7461]   [1.87230, 0.76781, -1.268]    [138, 157, 84, 112, 65, 87]   
11     3093      1.75875        -0.22725       -0.7274        -1.0237        [0.56776, 1.50452, -0.5784]   [-0.9976, -1.1397, 1.49640]   [136, 156, 113, 128, 39, 66]  
12     10474     1.67072        -0.3484        0.53770        -0.0029        [-0.0606, 0.96402, 0.44095]   [0.32948, -0.2925, 0.81560]   [135, 161, 80, 116, 42, 76]   
13     6801      -0.2820        0.049922       0.21947        -1.20115       [-0.2990, -0.3126, 0.10120]   [-1.1118, -1.1865, 1.62346]   [131, 159, 62, 83, 56, 84]    
14     2436      1.15644        0.889039       1.82481        0.41959        [-0.0910, 0.48217, -1.8792]   [-1.0980, 0.75863, 0.03261]   [128, 149, 113, 128, 26, 45]  
15     8088      -1.277         0.658536       0.99890        0.66787        [-0.0302, -0.8360, 0.10759]   [0.42692, -0.3585, 0.60303]   [130, 157, 80, 116, 31, 57]   
16     5524      0.31443        0.333114       -2.0325        1.081092       [1.72439, -0.4024, -1.4768]   [0.6389, -0.465, -0.9670]     [129, 155, 61, 82, 42, 67]    
17     24963     1.2177         -1.38337       0.71742        -1.24773       [1.46226, 0.51655, -0.2573]   [0.14936, 0.58208, 0.82989]   [92, 154, 74, 121, 82, 152]   
18     9670      0.8277         0.546730       -0.477         0.664079       [-1.3113, 1.0040, 0.87300]    [1.3940, -0.588, 0.18621]     [100, 134, 66, 88, 109, 146]  
19     6051      0.85828        0.317857       -0.4266        0.307331       [0.06803, 0.99570, -0.6284]   [0.339, 0.29293, 0.75732]     [123, 153, 84, 103, 89, 126]  
20     6898      -0.0728        0.127314       -0.0709        0.0340658      [0.00835, -0.3267, 2.82729]   [-0.8439, -1.1734, -0.7956]   [120, 154, 73, 87, 78, 127]   
21     6303      -0.710         0.011436       1.43093        1.68838        [0.23732, -2.4982, 0.38435]   [-1.3106, -0.5007, -1.1497]   [122, 152, 64, 77, 80, 126]   
22     31583     0.42562        -0.62660       0.77211        0.47730        [-0.2400, 0.0805, 0.9174]     [-0.3721, 0.91561, -0.0193]   [97, 147, 36, 69, 77, 144]    
23     15280     0.26939        0.799240       1.33153        0.52081        [0.05837, 0.72068, -1.5454]   [1.63896, -1.3254, 0.9037]    [116, 153, 35, 64, 51, 86]    
24     4779      -0.5641        0.507251       -0.1165        0.30358        [-0.8007, -2.1606, 0.40665]   [-0.6005, -0.6486, -0.7253]   [90, 113, 37, 65, 68, 91]     
25     4500      1.9844         -0.58219       0.32681        -1.1604        [1.52309, -0.5562, -2.6006]   [2.71194, -1.0981, 1.30893]   [89, 103, 153, 180, 43, 71]   
26     5783      0.7330         0.652179       -0.2314        0.18919        [1.22393, -0.3009, 0.25130]   [0.92829, 0.0833, -0.4249]    [90, 103, 110, 132, 114, 150] 
27     5111      1.45167        0.341688       -0.1251        -0.7758        [-1.0055, 0.89378, 0.94926]   [-2.1707, -0.6154, 0.96488]   [88, 105, 130, 156, 45, 72]   
28     12281     2.42430        2.150353       0.94186        1.37333        [-0.527, 0.77453, -1.237]     [-0.5618, 0.32097, 2.1679]    [89, 104, 130, 180, 57, 128]  
29     9942      0.74796        0.273827       -0.1700        -1.3224        [0.60286, -0.3490, 0.23904]   [-0.8893, 0.12125, -1.5370]   [88, 102, 107, 169, 62, 121]  
30     7449      0.50390        1.319725       0.91395        2.11382        [0.32455, 0.50536, 0.514]     [-0.8797, 2.15323, 0.98857]   [88, 107, 70, 109, 68, 122]   
31     18253     -0.2428        -0.90283       0.58150        0.85754        [0.13788, 0.18607, -0.1881]   [-0.0027, 1.33514, 1.40061]   [90, 112, 44, 88, 74, 143]    
32     3964      -1.5001        0.138878       -1.2041        -1.33569       [0.58595, -0.8415, -3.1533]   [0.64515, 1.28214, 2.0387]    [90, 111, 38, 59, 85, 114]    
33     11545     -0.3962        1.445445       -2.6210        -1.04339       [0.51896, 0.47153, 1.32041]   [0.95668, -0.0815, 1.5292]    [99, 145, 129, 160, 45, 76]   
34     4283      0.68648        1.717088       -0.8042        0.30025        [-0.4295, 0.80591, -0.2195]   [-0.2518, -1.3264, 0.30820]   [98, 125, 101, 127, 31, 53]   
35     2615      1.11548        1.008195       -3.0160        -1.61964       [2.005, -0.1876, -0.1489]     [1.1653, 0.1966, -0.6325]     [99, 124, 83, 102, 41, 70]    
36     11493     -0.2098        1.897160       -1.3813        1.30122        [-0.3123, -0.2712, 1.86291]   [-0.6428, 0.83505, -0.3630]   [89, 121, 36, 85, 52, 82]     
37     2128      -1.4320        -0.166         1.16892        -0.1858        [0.54942, 0.18855, 0.04683]   [-0.4174, 0.13178, -2.032]    [111, 129, 112, 127, 25, 44]  
38     6054      -0.4483        -1.80394       0.26969        0.35466        [-0.7960, 0.80130, 0.39583]   [0.29357, -0.3614, 0.47279]   [112, 136, 80, 115, 29, 60]   
39     4690      1.05420        -0.66044       -0.8168        1.18901        [-2.3184, -2.6172, -1.814]    [0.18174, 0.1523, 0.49650]    [108, 138, 62, 82, 44, 64]    
40     7313      0.07597        1.537379       1.57578        1.15901        [-1.1558, 0.36357, -0.8662]   [-0.5007, -1.0233, 0.01071]   [99, 137, 35, 65, 49, 68]     
41     2389      0.54412        0.078692       -1.193         -1.5260        [-0.7620, -0.7776, 0.78427]   [-0.3192, -0.188, -0.156]     [121, 141, 132, 152, 67, 87]  
42     7410      1.09684        1.636115       0.42705        -0.2483        [1.40250, 0.43824, -0.4210]   [1.01057, 0.2072, -1.4340]    [122, 151, 100, 133, 67, 95]  
43     3991      0.62690        0.2998         -1.8566        -2.151043      [0.13630, 0.68335, 0.60858]   [-1.3609, -0.3470, 0.66658]   [119, 149, 85, 101, 83, 101]  
44     2883      -1.5357        0.085282       0.2133         0.92375        [-2.4538, 0.14498, 2.01812]   [-0.6212, -0.3162, 0.95399]   [127, 150, 99, 129, 51, 76]   
45     2153      -0.7631        1.156954       0.54053        -1.57407       [0.10059, -1.4589, 0.95254]   [-1.6806, -1.8117, -1.1373]   [121, 146, 94, 115, 70, 87]   
46     3659      -0.8030        1.314940       -0.0182        0.291004       [1.07489, -0.6978, -0.578]    [-0.8474, 0.78490, 1.6332]    [119, 152, 82, 115, 72, 92]   
47     747       0.25874        -0.62327       -0.5203        -1.11231       [0.73114, -1.0629, -0.2546]   [-1.1689, -1.8994, -2.5399]   [90, 112, 38, 65, 77, 93]     
48     21565     -0.8899        0.218078       -0.3178        -0.2235        [-1.0713, -0.9316, -1.0677]   [0.21123, 2.04765, -0.1363]   [89, 133, 19, 41, 50, 112]    
49     60781     -1.3692        1.2726         -0.9985        0.5575         [-0.442, 0.08108, 3.43266]    [-0.7475, -0.5866, 0.37523]   [31, 91, 155, 198, 44, 130]   
50     9318      -0.0219        -0.40607       -0.6884        0.59049        [1.07737, -0.9520, -1.1364]   [1.82990, -1.425, 0.71533]    [43, 63, 98, 151, 53, 91]     
51     18724     0.43912        -1.10296       0.7594         -1.1032        [-1.089, -1.389, 0.83428]     [-0.449, 1.08525, -0.810]     [62, 90, 110, 179, 90, 151]   
52     18304     0.61466        1.407410       -0.0860        -1.1254        [-0.3425, 1.25673, 0.73909]   [-0.3859, -1.7443, 0.71553]   [33, 66, 118, 157, 89, 137]   
53     4700      1.63090        1.648594       0.43279        -0.1910        [-0.786, -0.572, -1.6497]     [2.13455, -0.0269, 2.38440]   [27, 51, 141, 158, 66, 98]    
54     5645      -0.0744        -1.61831       1.8615         -0.8598        [-0.4379, 1.64855, 1.45877]   [-2.026, 0.00105, -1.0895]    [26, 53, 127, 146, 70, 104]   
55     32647     0.53913        1.812177       -0.5174        1.49322        [-0.9286, 2.17227, -0.8256]   [-0.4633, 0.29695, -1.4005]   [23, 92, 90, 136, 73, 154]    
56     16446     1.54960        -1.07001       0.61395        -1.289130      [0.10978, -0.0105, -0.3882]   [0.48921, -1.1168, 1.52186]   [29, 72, 128, 151, 27, 73]    
57     1870      0.20244        -2.79144       2.00556        0.452713       [1.55356, -0.1769, -2.2626]   [-0.419, -1.2260, -0.0384]    [26, 43, 114, 129, 50, 74]    
58     2583      -0.4827        0.209012       -1.7644        0.053782       [-0.4595, 0.63350, -1.6923]   [-0.425, 1.65839, -1.1810]    [23, 47, 90, 114, 58, 87]     
59     2864      0.73805        1.33050        -0.0100        0.988510       [1.04143, 1.56975, -0.3678]   [-0.1122, 0.80412, -0.745]    [24, 43, 116, 130, 34, 63]    
60     9793      0.0480         -0.69857       -2.3290        0.33491        [1.7024, -0.3720, 0.08429]    [-0.4531, -0.7409, 0.13610]   [21, 48, 86, 117, 41, 75]     
61     8140      1.07293        2.21584        0.82647        -0.9613        [-1.4270, 1.30683, 0.31671]   [-0.6104, -1.0561, -0.8077]   [23, 52, 66, 89, 58, 87]      
62     2267      1.2334         -0.02235       -1.4004        0.872578       [0.31010, -0.2911, 0.60771]   [-0.8276, 0.96390, -1.4248]   [34, 53, 116, 131, 26, 42]    
63     7021      -0.9034        -1.37688       -0.4165        -0.7574        [-0.3626, 0.0047, 0.55425]    [0.1465, 0.25185, 1.60432]    [25, 50, 86, 118, 30, 57]     
64     5519      -0.2664        -1.45833       0.95138        1.83586        [0.18728, 0.83953, -0.6556]   [0.18567, 0.63702, 0.3785]    [25, 49, 64, 88, 42, 67]      
65     21649     -0.5396        1.630629       0.17281        0.93019        [0.4057, 0.87367, 0.93325]    [-0.2161, 0.83367, 2.16045]   [20, 91, 77, 120, 82, 154]    
66     10046     1.99899        0.764041       1.68725        -1.3079        [1.47239, 0.07487, -1.7869]   [0.16521, 0.97629, -0.696]    [47, 84, 68, 90, 110, 147]    
67     4896      1.9371         1.349227       -1.2751        1.00909        [0.11197, -0.551, -0.3166]    [-0.4449, -1.216, -0.448]     [23, 52, 91, 105, 91, 127]    
68     8270      0.6926         1.42594        1.45833        -0.573         [-0.117, -0.8593, 1.03000]    [-1.6481, -1.3632, -0.6358]   [23, 57, 79, 92, 76, 129]     
69     9824      0.25147        -0.32114       0.03306        0.04753        [0.23327, -1.0344, -0.3393]   [0.57761, 0.28022, 1.09330]   [25, 58, 66, 83, 82, 130]     
70     33477     -0.7462        0.906261       1.46662        -0.14259       [0.2659, 0.22518, 0.5356]     [0.38792, 1.46948, 0.51336]   [31, 86, 38, 71, 81, 144]     
71     15186     0.86450        0.3315         -1.0417        0.43336        [-0.229, -0.6350, -0.8943]    [-0.0703, -0.6074, 2.03967]   [31, 64, 36, 68, 52, 88]      
72     5627      1.59677        -0.2669        0.70915        1.15696        [-0.17, 1.84823, 0.92211]     [-0.1017, -1.7992, -0.9659]   [65, 90, 39, 69, 70, 91]      
73     3446      0.31869        -0.4382        -0.0207        -0.7873        [0.24692, -0.4583, -1.5527]   [-0.3416, -0.5720, -1.5516]   [78, 90, 153, 179, 42, 70]    
74     5186      1.42317        -0.07605       -0.3268        0.75037        [-0.082, 0.76729, -1.4806]    [-1.0366, 0.5452, 1.49189]    [77, 92, 110, 132, 115, 148]  
75     3712      0.03001        0.216434       -0.8234        -0.0299        [-0.7089, -0.1602, 0.72228]   [-1.9987, 0.2130, -0.8045]    [76, 90, 130, 156, 45, 71]    
76     10788     -0.6465        1.138172       0.29543        0.93362        [-1.7637, -0.4102, -0.453]    [-0.5894, 0.44023, 0.89592]   [75, 90, 130, 180, 58, 127]   
77     9836      -1.106         -0.96266       -1.2519        1.14760        [-0.5147, -0.1013, -0.3322]   [-0.963, 0.37326, 0.38302]    [75, 89, 109, 169, 62, 121]   
78     8087      0.94132        -0.22542       -0.2970        -0.5855        [1.48814, 1.00756, -0.0403]   [0.64897, -0.5858, 2.05447]   [71, 90, 72, 111, 68, 123]    
79     20248     5816           -0.59156       -0.379         -0.37103       [1.7012, 0.14760, 1.08441]    [-0.1100, -1.2129, 0.77548]   [65, 92, 46, 90, 75, 144]     
80     5019      -0.6264        -1.31852       -0.4160        0.63165        [1.76428, -1.3874, -2.1990]   [0.93015, 0.30005, -0.5634]   [70, 91, 38, 62, 86, 117]     
81     10296     0.41836        0.729443       1.91206        -0.1303        [1.27980, -0.4517, -0.5096]   [0.4237, -1.1149, -1.3019]    [37, 81, 129, 157, 45, 75]    
82     4702      0.96319        -1.96307       0.11334        -0.3247        [-0.3730, -1.3323, -2.0359]   [-0.6609, -1.1652, -0.4254]   [56, 82, 102, 129, 32, 54]    
83     2108      0.08803        -0.7417        -1.0725        0.29004        [-0.7618, -0.9595, -0.2991]   [0.28549, 2.10874, 1.6135]    [57, 80, 88, 103, 43, 68]     
84     12718     -1.2633        -1.32424       0.06471        0.55699        [-0.1317, 2.17233, 1.1770]    [1.64005, -0.417, -0.8968]    [57, 90, 36, 89, 54, 81]      
85     1841      -1.0702        -0.1137        -1.2583        -0.63379       [-0.43, 0.9442, -0.4728]      [-1.4070, -0.4474, 0.18858]   [50, 69, 116, 128, 26, 42]    
86     4479      0.56091        -0.92165       0.64737        1.38682        [0.48951, 0.23879, -0.4481]   [-0.6107, -2.0299, 0.6079]    [47, 70, 86, 118, 30, 58]     
87     5490      -0.3541        0.152581       0.50127        -0.786402      [1.01699, 0.11311, 1.49699]   [0.16893, 0.31862, -0.2733]   [41, 71, 65, 88, 45, 65]      
88     6806      1.47641        -2.10349       -0.532         -0.3050        [-1.530, -0.7947, -2.1721]    [0.1903, -1.4052, 0.36986]    [45, 78, 37, 67, 52, 70]      
89     2205      -0.2617        -0.83271       -1.553         -0.68284       [0.31062, -0.1254, 0.66624]   [-0.7883, 1.60599, -0.237]    [38, 56, 131, 150, 67, 87]    
90     6249      -0.8451        1.310159       1.35756        -0.0901        [-0.4843, 0.91007, -0.8941]   [0.93519, -1.3871, -0.083]    [25, 54, 103, 133, 67, 93]    
91     3618      0.01175        1.208099       -1.8292        0.234436       [-0.1207, 0.0029, -0.8841]    [-1.3018, -0.4631, -0.241]    [27, 56, 89, 105, 83, 104]    
92     2511      1.4751         0.111381       -0.0042        0.69834        [-1.611, 0.72256, 0.9153]     [0.90714, -0.3329, -1.2352]   [30, 52, 101, 130, 50, 76]    
93     1715      -0.984         0.247453       0.53676        1.27654        [1.52143, 0.87124, 0.03392]   [0.26491, -0.2353, 1.05486]   [34, 55, 98, 117, 68, 86]     
94     2731      0.59427        0.21585        -1.2556        1.04666        [-1.5268, 1.23178, 0.98462]   [-1.5870, -0.0484, -1.2413]   [25, 55, 89, 116, 72, 95]     
95     1099      -0.1446        0.555169       -0.1366        -1.3638        [0.26082, 0.25948, -0.0272]   [-1.0451, -0.3497, 0.26852]   [67, 90, 39, 67, 76, 94]      
96     19426     -0.1550        2.112622       0.25607        -0.20676       [0.48259, -1.1054, 0.42075]   [1.61679, -0.8837, 0.29883]   [50, 91, 22, 42, 53, 114]     
97     192451    0.76711        -1.69334       1.63888        -1.0449        [-0.3350, 0.38067, -0.2326]   [0.80293, 0.15092, 0.56975]   [86, 149, 31, 186, 36, 148]   
98     14253     0.07497        1.472001       -2.0154        0.364          [-0.3006, -0.9590, -0.8116]   [-0.5719, 0.57841, -0.8961]   [87, 122, 64, 154, 67, 103]   
99     9802      -0.1631        0.275248       -1.1557        1.1123         [2.42158, -0.6740, 0.91944]   [-0.3096, 0.5333, -0.1817]    [87, 112, 87, 122, 66, 93]    
100    6113      2397           2.208661       -0.3243        0.79393        [0.60736, -1.0839, -2.1602]   [0.57908, 0.84451, -0.5367]   [94, 111, 102, 148, 64, 100]  
101    6204      -0.6333        0.976803       0.85283        0.95587        [0.26140, -0.7882, -1.2179]   [-1.9931, -0.0576, 1.91916]   [105, 123, 101, 141, 60, 87]  
102    1867      0.47789        -0.07974       -1.5207        -0.6679        [0.00493, -0.2222, 0.90833]   [-0.158, 0.69530, -0.1142]    [102, 117, 104, 129, 65, 80]  
103    37948     -0.1897        1.259133       -0.7519        -0.2830        [-1.2927, 0.09673, 1.06950]   [0.68140, 0.73401, 1.05304]   [67, 111, 77, 115, 5, 72]     
104    5085      0.62521        0.758259       0.40372        -0.9753        [0.52609, 0.94588, -0.8919]   [0.23598, 1.08281, -0.3734]   [98, 125, 82, 120, 44, 77]    
105    2337      -1.3211        0.061533       1.59368        -0.91294       [-0.105, -0.7510, -0.3589]    [0.23477, 1.47681, -0.7166]   [101, 123, 107, 125, 45, 63]  
106    823       -0.7086        -0.87250       -1.0937        -1.5347        [-0.8512, -0.1058, 0.04086]   [1.17244, -0.8216, -0.7799]   [95, 108, 127, 141, 59, 70]   
107    174265    -0.7568        0.195745       -0.158         0.77720        [-0.7891, 0.9132, 0.94251]    [-0.2624, -0.6225, 0.18116]   [29, 89, 35, 187, 37, 144]    
108    13138     -0.7915        1.992204       0.14088        0.79244        [-1.2671, -1.7507, 0.6872]    [0.51588, -0.760, -0.5667]    [57, 88, 70, 153, 68, 103]    
109    9692      -0.6799        0.227826       0.92385        -1.5448        [0.47874, -0.8741, -0.530]    [-0.1604, -1.3614, 2.84393]   [65, 89, 89, 123, 66, 92]     
110    5465      2.42497        0.752269       0.65601        -1.0436        [2.37734, 0.01831, -0.1233]   [1.20399, 0.26080, -0.7766]   [65, 82, 102, 149, 65, 100]   
111    5141      -0.218         -0.3760        0.06465        0.55445        [0.53275, 1.30120, -0.0041]   [0.95806, 1.70666, -1.2260]   [56, 77, 104, 143, 60, 86]    
112    1580      0.71257        -1.07233       -1.5070        1.58466        [1.1354, 0.52337, -0.4769]    [1.50356, -1.3671, 0.06739]   [62, 76, 108, 131, 65, 79]    
113    4973      0.48517        1.287126       -1.5264        -3.0641        [0.11537, 0.31742, 0.17368]   [-0.8772, -0.0441, -1.5400]   [54, 82, 85, 121, 44, 77]     
114    2338      0.42059        0.892588       -0.7320        -2.0039        [-0.1297, 120, -0.1985]       [-0.0806, 1.30357, 0.1385]    [58, 80, 110, 128, 45, 63]    
115    714       2.084          0.38074        -1.0872        1.13361        [-0.090, -0.4887, 0.27940]    [0.11478, -1.5585, -0.8495]   [73, 85, 128, 144, 60, 69]    
Label  Volume(voxels)SurfArea(mm^2) Eccentricity   Elongation     Orientation    Centroid                      Axes Length                   Bounding Box                  
1      53183     1.15200        0.175927       0.6389         1.02015        [1.79261, -0.6390, -0.7033]   [-0.9245, -0.6004, -0.9125]   [88, 143, 156, 194, 43, 128]  
2      10664     -0.0150        -0.1082        0.58123        -1.1906        [-0.6538, 0.35946, 0.69864]   [-2.3166, -0.6020, -0.2536]   [117, 137, 96, 150, 52, 89]   
3      27456     -2.0411        0.448700       1.20412        -1.9430        [-1.5649, 0.95218, 1.13533]   [-1.2727, -0.9876, 0.65941]   [89, 120, 108, 176, 86, 152]  
4      22017     -0.2430        -0.52131       1.5941         0.29779        [-1.8194, 0.25331, -1.4052]   [0.74205, 0.98199, 0.43856]   [114, 147, 115, 160, 87, 137] 
5      4888      0.92781        1.964279       0.72667        -0.37195       [-1.0933, 0.22445, -1.0350]   [-1.4387, -0.4618, -1.7783]   [122, 150, 141, 158, 64, 97]  
6      6335      -1.3004        0.501156       -0.4752        -0.306634      [-0.0259, -1.9541, 0.1862]    [-0.0038, -0.045, 0.342]      [125, 152, 126, 145, 66, 102] 
7      34938     -2.1649        1.911829       -0.3033        -1.43421       [0.11152, -1.271, 0.06639]    [0.54060, -1.3188, 0.84542]   [89, 155, 86, 134, 68, 154]   
8      16978     0.1310         0.349083       0.40406        0.51243        [1.12036, 0.86045, 0.4869]    [-0.7643, 0.28633, -0.5578]   [105, 151, 126, 151, 24, 68]  
9      1845      -1.4487        -0.04137       -0.9128        1.13514        [-0.0377, 0.0452, 0.77520]    [-0.4181, -0.2565, 1.16467]   [137, 153, 110, 127, 48, 72]  
10     2588      -1.3836        -0.86695       -0.1336        0.78478        [0.24979, -1.1575, -0.9197]   [1.69446, 0.31626, -0.6184]   [137, 156, 83, 110, 63, 85]   
11     3152      -0.4842        3.740248       1.34027        -1.6364        [-0.4587, 0.72282, -0.2754]   [1.13905, 1.76424, 0.00756]   [136, 156, 111, 127, 36, 63]  
12     9599      0.29473        -0.16866       0.88279        1.49992        [0.93439, -1.0829, 0.75436]   [-0.5787, 1.748, 0.47628]     [135, 159, 80, 115, 39, 74]   
13     5599      1.05812        -0.02105       -0.0323        0.430777       [-0.0308, 1.57891, -1.1421]   [0.68541, -0.5866, 0.8610]    [131, 156, 63, 82, 55, 82]    
14     2106      -1.7971        1.286126       -0.3093        -1.2336        [0.7166, -0.1917, 0.27713]    [1.22790, -1.0911, -0.7363]   [129, 148, 112, 128, 25, 44]  
15     7446      0.08040        0.567515       -0.7036        -0.7931        [0.77133, 0.98363, 1.39727]   [-0.2951, -2.5822, 0.52339]   [130, 154, 80, 117, 31, 56]   
16     4536      0.75993        -1.46682       0.09038        0.275308       [0.34035, -0.4646, 0.0834]    [0.60039, -1.7761, 0.91108]   [128, 152, 62, 82, 42, 67]    
17     28337     -0.3658        0.764502       -0.7026        -1.71176       [1.181, 1.6411, -1.8605]      [-1.2922, 0.09417, -1.0493]   [91, 157, 71, 119, 79, 152]   
18     10709     0.76025        -0.79706       -0.5175        0.211434       [-2.1782, -0.3199, 2.01464]   [0.58688, -0.9991, 1.04601]   [98, 135, 63, 86, 106, 146]   
19     6078      2.06318        1.274668       -0.5846        -0.65759       [-0.3704, -1.0490, 0.02921]   [-1.0056, -0.8752, 0.32081]   [125, 155, 83, 101, 86, 123]  
20     7025      -0.5636        -0.20438       2.14817        0.368219       [1.19032, 0.43791, 0.60297]   [-1.3491, -0.5469, -0.2622]   [121, 154, 71, 85, 76, 126]   
21     6497      -0.4466        -0.20290       0.15990        -0.22261       [0.68959, -0.2477, 1.0839]    [-0.0130, -0.5946, -1.2513]   [123, 152, 64, 76, 79, 125]   
22     32683     -0.7693        -0.25431       1.20205        -1.2718        [1.04015, -0.0917, -0.8314]   [-1.3190, 0.54899, -1.9062]   [94, 148, 37, 66, 76, 144]    
23     13428     -0.4615        -0.44036       -0.1631        0.581184       [-0.6146, 0.1203, -1.2178]    [0.05769, 0.60835, -0.3516]   [114, 149, 38, 65, 50, 85]    
24     4377      0.36866        0.10463        -0.3442        -0.0608        [-0.1950, -1.9742, -1.4991]   [0.43285, -2.0883, 1.15838]   [89, 113, 39, 66, 68, 89]     
25     3650      -1.4099        0.030525       0.47213        -0.636         [1.16258, -1.370, 0.90676]    [0.14855, -0.1511, 1.01169]   [89, 102, 153, 177, 40, 69]   
26     6371      0.53925        -1.20447       1.41181        1.00399        [0.10380, 0.14968, 1.33623]   [1.65817, 0.61265, -1.162]    [89, 103, 108, 131, 110, 150] 
27     4222      0.12025        0.820019       -0.8344        -1.2058        [0.0057, 0.11236, 0.3778]     [1.23029, -2.1824, 0.09986]   [90, 103, 132, 155, 44, 73]   
28     10943     -0.2056        0.015749       0.16743        1.0257         [0.55893, -0.0456, 0.08911]   [0.10535, -0.1329, 1.32201]   [89, 105, 128, 177, 58, 125]  
29     8358      -1.9122        -1.40149       1.59763        0.57365        [0.63064, 1.15818, -2.0183]   [1.43913, -1.1664, -0.9827]   [89, 104, 106, 167, 63, 117]  
30     7504      1.03624        -1.15571       0.53092        1.42732        [-0.649, -0.589, 0.67202]     [0.89632, 0.34172, -1.5813]   [89, 108, 69, 108, 68, 118]   
31     21144     1.61020        0.622494       -2.3568        -0.8997        [-1.0600, -0.7776, 0.25605]   [-0.715, 1.22494, 1.10873]    [89, 113, 40, 87, 73, 143]    
32     4170      0.07425        -1.05322       -0.0006        0.406759       [1.162, -0.4642, 0.07972]     [-0.9967, -0.4609, 1.16833]   [89, 111, 36, 59, 83, 112]    
33     12159     1.5962         -0.34497       -0.2641        -0.76066       [-1.5295, 0.37276, 0.47269]   [0.60444, 0.02613, 0.52921]   [98, 142, 129, 160, 43, 76]   
34     4186      0.16538        1.244459       0.37457        1.45133        [1.07236, 0.35901, -1.242]    [0.51727, 0.32076, 1.91861]   [98, 124, 101, 129, 32, 54]   
35     2612      0.74234        -1.13127       -0.7928        0.963936       [-0.1931, -1.2028, 0.49076]   [0.4936, -0.1185, 0.86159]    [100, 124, 83, 102, 44, 70]   
36     10360     -0.1042        1.864815       -1.0975        0.90792        [0.99098, 1.26686, -0.1252]   [-0.4129, 1.74067, 0.54656]   [89, 122, 37, 85, 53, 82]     
37     1998      -0.5851        0.832351       1.58708        0.66638        [-0.7259, 0.97942, -1.5375]   [0.77681, 0.97832, -0.2219]   [110, 130, 114, 128, 24, 43]  
38     6019      0.27712        0.15028        -0.5357        -0.8576        [-0.2786, -0.6220, 1.51384]   [-1.3552, 1.79921, -0.2354]   [112, 136, 80, 117, 31, 63]   
39     4452      -0.7710        -0.5442        -1.0409        -2.0321        [0.81598, -0.1536, -0.8384]   [-1.3058, -0.5628, -1.251]    [109, 138, 63, 83, 45, 66]    
40     6624      1.29857        -1.89627       -0.9582        -0.88302       [0.47517, 0.25377, -0.144]    [-0.1722, 0.39807, -0.7954]   [100, 136, 38, 65, 49, 68]    
41     2680      0.48366        -1.32276       0.54030        -0.5072        [1.12837, -1.2233, -0.4535]   [-0.820, 0.94021, -1.4112]    [120, 140, 131, 151, 65, 85]  
42     7693      0.88414        0.463217       0.56597        -0.6881        [0.47534, 1.75072, -0.6913]   [0.25318, -0.2630, -1.100]    [123, 152, 99, 132, 64, 92]   
43     3774      -0.8248        0.52485        -0.0453        -2.4529        [0.53228, -0.3175, 0.91774]   [-0.6436, 2.30692, -0.9487]   [121, 152, 84, 100, 80, 97]   
44     2677      0.76622        -1.07545       0.19495        -1.1475        [1.25484, -0.0211, 1.49476]   [-0.0972, -1.6243, -0.8431]   [126, 148, 99, 127, 48, 73]   
45     1936      -0.392         1.3814         2.72946        -0.11415       [0.31801, 1.25011, -1.141]    [-0.3156, 0.66959, 0.35313]   [122, 144, 94, 113, 69, 85]   
46     3243      -0.0843        -0.97740       0.10418        0.712877       [-0.7184, 0.07447, 2.08974]   [0.47733, 0.59312, -1.0361]   [121, 152, 81, 113, 70, 90]   
47     735       -0.5508        -0.31746       -0.8386        -1.20910       [-1.5657, -0.2078, 0.83281]   [0.61678, 0.67628, 0.91208]   [89, 112, 39, 66, 76, 91]     
48     18395     -0.858         -0.68327       -0.2355        -0.8912        [0.24967, -0.6631, 1.11395]   [-0.8778, 0.56254, 1.67876]   [89, 129, 22, 40, 51, 110]    
49     60878     -1.2152        -0.55132       -0.7681        -1.0602        [0.26068, 0.50031, -0.7328]   [-0.5124, 0.24241, 0.31396]   [32, 90, 154, 196, 43, 131]   
50     10320     -1.1113        2.301634       -0.2334        0.08811        [-0.6280, -0.2586, -0.9042]   [1.62823, -1.8471, -0.1849]   [43, 64, 97, 152, 51, 89]     
51     23722     0.66111        -1.59721       0.46101        1.31650        [0.29636, 7.51222, -0.0342]   [-0.2814, 0.58017, -0.8635]   [60, 90, 108, 177, 87, 152]   
52     20647     0.32681        -0.33852       -0.5816        -1.156         [0.67452, -0.5906, 1.07751]   [-0.0280, -0.0030, -1.0978]   [33, 66, 117, 157, 88, 135]   
53     4790      -1.0001        0.546998       -0.0961        0.05874        [0.65101, 0.52184, -0.3558]   [2.89438, 3.13504, 0.4403]    [29, 53, 142, 159, 64, 97]    
54     5798      -1.4391        -0.89361       0.58173        -0.5766        [-0.0817, -1.9967, 0.43618]   [1.20844, -1.2143, -0.3435]   [28, 53, 126, 146, 68, 103]   
55     33476     -0.3590        -2.48489       -0.4756        -0.5691        [-1.3935, -0.874, 0.24685]    [0.34138, 0.3248, -0.5759]    [25, 90, 88, 135, 71, 155]    
56     18615     -0.8249        0.145387       -0.3931        1.03641701     [1.16430, -0.4726, -1.63]     [0.18335, -0.6688, 0.82229]   [26, 74, 128, 154, 25, 71]    
57     2274      0.70009        -1.05060       1.04823        1.392277       [0.38622, 0.61014, -0.52]     [-0.8591, 1.25488, 0.24110]   [23, 42, 115, 131, 49, 72]    
58     2759      -0.0916        -0.0689        0.75276        -0.21565       [-0.4984, -0.3047, -0.1624]   [-0.4864, 0.08828, -0.491]    [21, 46, 88, 114, 58, 85]     
59     3255      -0.4549        1.986539       0.00726        1.707986       [-1.00, 0.75481, 0.01131]     [1.69101, -0.4651, 1.79232]   [22, 42, 116, 131, 34, 62]    
60     10030     -0.5886        0.007627       -1.1560        -0.0345        [-0.2068, -1.1093, -1.845]    [0.89640, 0.4951, -0.6963]    [18, 47, 85, 118, 41, 74]     
61     8160      -0.1067        -0.72520       -0.1380        0.25004        [0.35311, -0.5009, -0.2098]   [0.51611, -0.6593, -0.5555]   [22, 53, 64, 87, 57, 85]      
62     2085      0.08185        0.494762       -0.4239        0.796530       [-0.0700, -0.6727, 0.09441]   [-1.4566, -1.835, 0.33902]    [32, 52, 117, 130, 26, 42]    
63     6963      -1.7763        -0.80194       0.99867        0.33169        [-0.8499, -0.0149, -1.4338]   [-1.1391, -0.1678, 0.58744]   [23, 49, 85, 118, 30, 57]     
64     5594      -0.0337        -0.08429       -0.6503        0.07451        [0.79601, 1.10374, 0.34277]   [0.12197, 0.35517, 0.52536]   [24, 49, 63, 86, 43, 67]      
65     23693     -0.4817        -0.36911       -0.6634        -0.6287        [1.88302, 0.7849, -0.6847]    [0.04231, 0.30748, -0.0899]   [24, 90, 74, 119, 80, 153]    
66     11380     -0.9637        1.446528       -1.1884        0.86834        [0.05403, -0.8134, -0.1615]   [-1.8504, 0.27497, 0.72846]   [47, 85, 65, 87, 106, 146]    
67     5310      -0.5300        0.29785        -2.4988        -0.5313        [-1.3374, 0.92529, 0.19431]   [-0.0472, -0.1892, -0.2428]   [23, 53, 89, 103, 89, 125]    
68     8452      0.78506        -1.04175       0.93225        0.69958        [1.030, -0.3479, 1.08148]     [1.00078, 0.4495, 1.12286]    [23, 57, 77, 90, 75, 126]     
69     10003     -0.4413        -0.07314       1.34759        2.0173         [-1.6466, 0.93704, -1.258]    [0.21029, -0.5878, 0.20568]   [25, 58, 64, 81, 81, 126]     
70     32758     -0.2982        0.394073       0.64974        -0.34815       [0.66856, -0.2875, 0.68481]   [1.17745, 0.16508, 0.23311]   [32, 84, 38, 68, 79, 142]     
71     14254     -1.8027        -0.77189       -0.622         -0.1506        [-1.40, -1.3010, -0.0771]     [0.20782, 0.98619, 1.4327]    [31, 64, 36, 67, 51, 86]      
72     4810      0.52825        -0.36773       0.69172        -0.7983        [0.213, 1.78997, 1.47357]     [-0.3023, 0.97036, -0.3879]   [64, 89, 40, 69, 69, 88]      
73     3309      -0.6151        -1.60933       0.53689        0.30594        [0.98449, 0.80592, -0.2995]   [0.86310, 1.88073, 2.30128]   [79, 90, 153, 176, 40, 68]    
74     5953      0.77245        0.288475       0.38866        0.083389       [-0.5755, 1.57729, 0.76250]   [0.14649, 1.48762, 0.83973]   [77, 90, 108, 131, 111, 150]  
75     3615      -1.256         1.236638       -0.4094        -1.31758       [0.28985, -0.3101, -0.7444]   [1.58354, 0.05972, -0.0522]   [78, 90, 132, 155, 44, 73]    
76     11054     -0.2513        -0.39298       0.18877        -0.3211        [3.23834, -1.0543, 0.11724]   [-0.4702, -0.7025, -0.6679]   [75, 90, 127, 177, 59, 125]   
77     9165      0.02765        0.931194       1.19450        0.6966         [-0.4236, 1.92173, 1.77773]   [1.76315, -0.4714, 0.62143]   [76, 90, 108, 167, 63, 116]   
78     8049      0.71025        0.584932       0.56875        0.54902        [-0.3024, 1.2073, 1.37766]    [0.63628, 0.0552, 0.40581]    [70, 90, 71, 109, 69, 118]    
79     20082     1.24845        -0.12748       0.69943        -0.7352        [0.37921, -1.2746, -1.1369]   [2.08848, 0.13164, 1.10371]   [65, 90, 43, 88, 76, 145]     
80     4616      -2.6768        -0.23769       -0.1757        -0.5582        [0.13965, -0.8663, 1.2558]    [0.65893, -1.1443, 0.48465]   [70, 89, 37, 62, 84, 116]     
81     11413     3575           0.314519       1.6108         1.05586        [-1.1183, -0.7771, 0.99443]   [-1.3215, 0.59990, -0.6783]   [36, 82, 130, 160, 44, 74]    
82     4956      0.50894        0.538264       0.37453        -0.7468        [0.03353, 1.2202, -0.1845]    [0.44667, 1.64874, 1.90952]   [55, 82, 101, 131, 32, 55]    
83     2366      1.55468        0.142777       0.10280        -0.1766        [-0.51, -0.1639, -1.410]      [0.57802, -0.2846, 1.13126]   [56, 78, 87, 103, 45, 70]     
84     11507     1.05000        1.393015       -0.7768        -0.226         [-0.7302, -1.5590, -0.6702]   [-0.7927, 1.13060, -2.7391]   [56, 90, 37, 89, 55, 80]      
85     1817      0.51031        -0.25361       -0.4576        -0.30603       [0.46575, -0.0979, 2.37823]   [0.19684, -0.4708, -0.5296]   [49, 71, 117, 129, 25, 42]    
86     5195      -0.2161        1.590556       0.54311        1.37703        [-1.2642, -0.4871, 0.06962]   [-0.2005, 0.70297, 1.05150]   [45, 70, 86, 118, 30, 60]     
87     5861      -0.3661        -2.8720        -0.922         -1.200508      [0.5825, 2.04346, 0.34307]    [1.81977, 0.33801, 1.12297]   [42, 71, 63, 87, 45, 67]      
88     6249      0.32411        0.755374       -0.9269        -0.3100        [1.50811, 0.92970, -1.3551]   [1.07511, 1.23166, -0.2756]   [45, 79, 38, 66, 52, 70]      
89     2730      0.3340         -0.57406       0.30839        0.15711        [-0.3853, -0.0405, -0.5425]   [0.68896, -0.644, 0.35404]    [38, 59, 132, 151, 65, 86]    
90     6710      0.28081        -0.7881        -0.3988        0.31251        [1.37442, -0.640, -0.1238]    [-0.1862, -1.7534, -0.147]    [27, 56, 102, 134, 66, 91]    
91     3654      0.75192        0.781318       -0.4800        0.535709       [-0.2488, 0.35753, 0.9359]    [-0.6637, 0.47973, -1.6398]   [27, 58, 87, 104, 82, 102]    
92     3086      0.9753         -1.54580       -0.0637        -0.1896        [0.86167, 1.78918, -0.1880]   [0.00858, -1.0586, 0.56517]   [28, 52, 100, 132, 48, 74]    
93     1803      0.99797        1.176571       -0.9960        -0.8734        [0.90461, 0.93917, -2.0499]   [-0.8165, -2.1948, -0.191]    [33, 56, 96, 117, 68, 86]     
94     2860      0.14168        0.349133       0.45206        0.65726        [-0.1007, -1.5118, 0.21376]   [0.75116, -1.4124, -0.9677]   [26, 58, 87, 117, 71, 93]     
95     1001      1.2012         1.630151       -0.4650        -1.3043        [-0.5983, -0.8289, -0.4572]   [0.82276, -1.9220, -2.0435]   [67, 89, 40, 67, 75, 91]      
96     17318     1.94295        -0.80443       1.18365        -1.84525       [0.85860, -1.4139, -0.9873]   [-1.3966, 0.54472, -1.0411]   [50, 90, 23, 40, 53, 112]     
97     169468    -0.9984        0.673653       1.56789        0.42932        [0.26104, 0.77984, 1.66777]   [-0.2483, -0.9778, 1.84309]   [88, 147, 34, 183, 35, 147]   
98     10404     1.4149         -1.21412       0.81326        0.40751        [-0.071, -1.1523, -1.4108]    [-0.5475, -0.0720, 1.64104]   [90, 123, 66, 153, 68, 99]    
99     8623      -1.3989        1.018223       0.2129         0.81592        [2.02257, -0.4435, 0.13790]   [-1.6816, -0.6698, 1.56172]   [90, 113, 89, 124, 67, 91]    
100    4538      2.02466        0.167179       -0.0521        0.46082        [0.29702, 2.25255, -1.0104]   [-1.6849, -0.7449, -1.3777]   [95, 111, 102, 149, 65, 97]   
101    5532      0.11355        0.056343       -1.4932        -0.0329        [-0.2937, 0.23987, -0.6409]   [-0.4005, -0.2878, 1.32891]   [103, 121, 102, 142, 58, 85]  
102    1717      -1.1350        -0.58249       0.06484        -0.0726        [1.15632, -0.3033, 0.34648]   [0.03275, -0.8538, -0.3073]   [102, 116, 105, 129, 64, 79]  
103    36596     -0.0287        -0.7990        2.5962         0.22344        [1.04556, 1.66577, 2.00437]   [-1.803, -0.6410, -1.4012]    [69, 110, 75, 116, 2, 74]     
104    4748      -0.4906        -0.35656       -1.4717        1.11033        [1.27475, -0.7072, 0.6805]    [0.85405, 0.66155, -1.3581]   [98, 125, 84, 122, 43, 77]    
105    2256      2.44537        2.087213       -0.489         -0.46318       [-1.3307, 0.61483, -0.0031]   [0.48200, -0.4211, -1.2623]   [101, 121, 108, 125, 43, 62]  
106    851       -0.9609        -0.61727       0.14922        -0.2275        [0.77892, 0.67816, 0.9340]    [0.29661, 1.8559, 2.14398]    [95, 106, 128, 143, 58, 71]   
107    166557    -0.4913        -1.05760       0.76694        0.58734        [0.80252, -0.4977, -1.0243]   [-0.1566, 1.73655, -0.2021]   [28, 90, 36, 184, 36, 144]    
108    9150      0.69608        -0.56290       -0.8797        -0.8005        [-2.2515, -0.6554, 0.88344]   [0.04332, -0.8460, -0.0535]   [57, 90, 70, 154, 69, 98]     
109    8283      0.25981        0.832332       -0.7313        -0.0075        [0.33288, 1.05347, -1.250]    [-0.3058, -1.7988, -0.8396]   [67, 90, 89, 124, 68, 91]     
110    4806      0.33713        1.709207       -0.2381        -0.4015        [-0.9994, -1.3667, -0.8617]   [0.62071, -2.0958, -0.2060]   [69, 85, 102, 150, 65, 97]    
111    5570      -0.6831        -1.04550       0.23788        -0.7922        [-1.0876, -0.5835, -1.5444]   [-1.6446, -0.7966, -1.1451]   [57, 78, 104, 144, 59, 85]    
112    1703      0.89112        -0.08191       -1.1640        -0.1060        [0.70113, 0.57640, 1.71465]   [-0.8026, 1.28293, -0.3691]   [63, 78, 108, 132, 65, 79]    
113    5247      0.07634        -0.8584        -1.0381        1.81677        [1.89128, 0.29587, 0.83435]   [0.21478, 1.58197, -1.7807]   [53, 81, 86, 122, 43, 77]     
114    2554      1.6301         -1.68012       1.59905        2.13991        [-1.2531, -0.708, -0.0123]    [0.83464, -2.1691, -0.1570]   [58, 80, 110, 129, 43, 63]    
115    751       0.66621        0.785648       0.6501         -0.4525        [-0.4109, -0.5639, 2.52912]   [-1.0307, 0.2425, -0.3170]    [76, 86, 129, 144, 59, 70]    
Label  Volume(voxels)SurfArea(mm^2) Eccentricity   Elongation     Orientation    Centroid                      Axes Length                   Bounding Box                  
1      50504     -0.1637        0.321072       -0.5816        0.03759        [-0.4490, 0.7332, -0.4006]    [0.05759, 0.00521, 1.88496]   [87, 144, 156, 195, 44, 131]  
2      10392     1.85394        -1.19939       -0.798         -1.461         [-0.388, -0.127, -0.7314]     [0.31187, -0.5501, -0.0909]   [119, 138, 97, 151, 52, 90]   
3      25612     -1.9027        0.600032       -1.01          -0.4890        [0.57870, -1.4683, 0.99063]   [0.23223, 0.22134, -1.4402]   [87, 118, 110, 177, 89, 158]  
4      21126     -1.3717        0.034474       -0.3354        -0.6160        [-0.1591, -0.9306, -0.1834]   [0.50201, -0.9276, -0.8783]   [112, 144, 116, 160, 88, 140] 
5      4874      -0.1585        -0.50145       -0.118         0.023769       [-1.7672, 1.54142, -0.2439]   [0.03671, -1.2418, -0.3006]   [124, 150, 143, 161, 64, 98]  
6      6237      -0.3469        -1.08535       -0.2761        -1.59731       [2.22382, 0.16700, 0.43432]   [0.23064, -0.8545, 0.02149]   [124, 152, 127, 146, 68, 103] 
7      35397     -2.7103        -1.06680       0.52886        -0.31056       [-2.2233, -1.496, 0.80119]    [-1.8046, 0.02260, -1.8698]   [88, 155, 87, 135, 70, 160]   
8      14658     4285           0.858274       0.48714        0.88869        [-0.3765, 0.34432, 0.18060]   [-1.3348, 0.06167, -0.7108]   [105, 154, 129, 151, 26, 71]  
9      2014      -1.2512        -1.1689        1.09473        0.81016        [-0.3870, -2.0728, 0.56869]   [1.14683, 0.62039, -0.2640]   [138, 156, 113, 129, 51, 75]  
10     2535      -1.4322        -0.10010       -0.9119        -0.8046        [-0.0920, -0.6505, 0.05819]   [0.9140, -1.5172, 0.25263]    [139, 158, 85, 112, 65, 87]   
11     2777      0.39786        -0.30354       -2.0556        -0.8909        [2.26633, 0.70920, -1.2121]   [-0.3987, -0.4507, 0.08236]   [136, 157, 114, 130, 39, 65]  
12     9815      0.28817        0.786182       0.11289        -0.8909        [0.88338, -0.7877, 0.53490]   [1.8016, 0.12283, -1.682]     [136, 162, 82, 117, 44, 76]   
13     6871      0.60660        0.381722       -1.0726        0.613456       [0.04422, -1.0909, 0.16034]   [-0.1820, -1.8513, 0.20987]   [133, 159, 62, 84, 59, 85]    
14     1905      -1.6067        0.457304       -1.4484        0.45675        [0.09961, -1.5123, 0.44398]   [1.02866, -1.5866, -0.9646]   [127, 150, 116, 131, 28, 47]  
15     8006      -1.1636        -0.40143       1.35601        -0.0961        [1.29525, -0.2966, 1.16828]   [-0.7160, -0.5013, -1.7534]   [130, 158, 79, 120, 35, 59]   
16     5836      0.70012        -0.27003       -0.579         -1.1404        [0.50101, 0.22576, -1.0890]   [1.28005, -0.0988, -0.2701]   [130, 154, 59, 84, 43, 67]    
17     26944     1.74506        -0.18055       -0.202         -0.39255       [2.14640, 2.1364, 0.97422]    [-0.1897, -0.6628, 0.41396]   [89, 156, 74, 120, 81, 156]   
18     11618     0.03192        -1.59365       1.1438         -0.50953       [0.64879, -0.1186, -0.0728]   [-1.343, -0.8800, -0.6536]    [96, 133, 66, 88, 107, 148]   
19     5992      -0.0220        0.338299       -0.2887        -0.76208       [1.05316, -0.0091, 0.47576]   [0.37394, -0.8792, -0.6388]   [123, 155, 84, 103, 89, 125]  
20     6921      0.85558        1.955753       0.4732         -0.67508       [1.22850, -1.6420, -0.8403]   [1.2710, -0.4263, 1.51382]    [118, 154, 73, 87, 78, 127]   
21     6363      -1.716         -0.65708       0.33403        0.1930589      [0.2780, -0.0324, -0.6266]    [0.9941, -0.6638, -1.2560]    [121, 153, 65, 78, 82, 126]   
22     33536     -0.1106        -2.57159       0.83099        0.49112        [-0.0733, -0.6892, -1.8083]   [-1.7244, 0.67967, 0.09840]   [93, 148, 36, 68, 77, 145]    
23     15218     0.37836        -0.14299       0.30380        -1.59489       [0.64366, 0.36087, 0.89132]   [0.11243, -1.0149, 0.47430]   [114, 152, 35, 65, 51, 88]    
24     5329      -1.1798        0.989957       0.31762        -0.6604        [0.37211, 1.59266, -0.9849]   [1.69639, 0.09782, 1.10533]   [86, 112, 37, 65, 68, 90]     
25     3670      0.29217        0.481255       1.79816        0.18747        [-0.1488, 0.18842, 1.09568]   [-0.2140, -0.9227, -0.2253]   [88, 101, 155, 179, 42, 70]   
26     7054      0.57435        -0.0136        0.4142         -0.75271       [1.36037, 0.38637, 0.3885]    [0.03052, 0.61371, -0.0822]   [87, 102, 110, 133, 111, 155] 
27     4509      -0.1442        0.792377       -0.30          -0.0563        [-1.3860, -0.2375, -1.2441]   [-0.9386, -0.6696, 1.90503]   [88, 104, 134, 158, 45, 73]   
28     10498     1.11040        0.32404        0.3050         1.18639        [-2.0756, -1.2393, -0.058]    [-0.7738, -1.29, -0.421]      [88, 104, 129, 178, 59, 128]  
29     8934      0.62298        0.951773       -0.0698        0.29002        [0.61455, -2.5869, 0.64046]   [-2.0766, 0.3205, 0.54194]    [89, 103, 107, 169, 63, 120]  
30     8199      0.5979         -0.58466       0.59299        0.58549        [0.96370, -1.5630, -0.8311]   [0.33329, -0.2168, 0.68839]   [88, 106, 70, 109, 66, 121]   
31     21244     0.47135        0.207295       0.44545        0.17765        [-0.8762, 0.5300, -0.6386]    [1.55048, 1.06614, -0.6892]   [87, 111, 41, 88, 72, 146]    
32     5115      0.15707        -1.42732       0.09341        1.554828       [0.18681, 0.94281, 1.22444]   [0.13703, 1.11724, -0.2110]   [86, 110, 36, 60, 85, 116]    
33     12031     0.22425        -1.51879       -0.7361        -0.35774       [0.548, -1.1152, 0.15617]     [-1.5996, -0.3988, -0.699]    [97, 144, 133, 161, 43, 75]   
34     4636      1.5908         -0.76568       -0.1587        0.89121        [-0.7209, 0.42712, -0.1198]   [-0.9222, -0.7732, 0.75052]   [97, 124, 103, 132, 30, 54]   
35     2764      -0.6035        0.75357        0.02670        -0.855         [-0.0749, 2.11453, 0.06334]   [-0.7875, 0.3277, -0.3882]    [100, 124, 83, 105, 43, 68]   
36     12066     -1.3951        0.37005        -0.9974        1.23673        [1.11629, 0.67524, 0.02245]   [-0.8710, 0.28743, -0.7621]   [87, 121, 36, 86, 51, 82]     
37     1652      1.07072        -1.37665       1.45171        -0.1080        [-0.6921, -1.1465, 0.5679]    [0.42387, 0.73911, -0.1079]   [110, 129, 117, 130, 25, 45]  
38     6399      -0.584         0.103164       -1.216         -0.1689        [-0.8391, 1.27985, 0.46432]   [-0.4047, -0.5184, 1.05378]   [112, 135, 79, 121, 31, 60]   
39     4960      -0.6351        -0.13931       0.56417        -0.7679        [1.26335, 0.25846, 1.5800]    [0.0067, 2.78736, 0.40613]    [108, 139, 60, 83, 45, 63]    
40     7055      0.18724        -1.33002       0.26054        -1.3855        [-0.2884, -0.3293, 0.89368]   [-0.3090, -0.2800, -0.7868]   [98, 138, 36, 64, 49, 66]     
41     2588      -0.3669        -0.558         1.81397        -0.85721       [-1.1504, -0.6235, 1.08811]   [-1.9397, 1.39236, -0.9303]   [122, 142, 132, 153, 65, 85]  
42     7465      -0.993         -1.32970       0.44717        -0.6961        [0.15831, 0.01270, -2.4158]   [-0.0911, 0.37985, -1.2875]   [124, 154, 101, 134, 66, 93]  
43     3607      -1.3430        -0.09336       1.55934        1.43058        [1.71052, -0.8723, 0.55401]   [-0.539, 0.69163, -0.0923]    [121, 151, 86, 101, 82, 99]   
44     2864      -1.8540        0.568733       -2.077         2.34761        [2.70612, -0.6513, -0.0497]   [0.07978, 0.36792, 0.59173]   [128, 152, 100, 130, 50, 76]  
45     2019      -1.653         -1.03044       0.84086        0.450025       [-0.6598, -1.3239, 0.3638]    [-0.4190, 0.9843, 1.0655]     [122, 147, 96, 115, 70, 86]   
46     3469      1816           0.701654       0.32010        0.288878       [0.882, -0.7299, -1.5912]     [0.59518, 0.27333, 0.29811]   [121, 154, 83, 115, 72, 92]   
47     940       -0.1326        -2.2510        2.89359        2.742155       [-0.5102, 0.83335, 0.08892]   [0.25338, 0.34329, 1.07350]   [86, 111, 37, 66, 77, 92]     
48     19382     -0.6690        0.715353       0.7076         -2.5487        [1.46834, 0.65741, -0.5822]   [0.04788, 0.51246, -0.2843]   [87, 129, 22, 38, 50, 113]    
49     55692     0.52541        -2.05087       0.21190        1.11050        [0.75135, 0.21786, -0.7805]   [0.07035, -1.1863, 0.12060]   [33, 90, 154, 195, 45, 132]   
50     11512     -0.1744        0.49944        1.38884        0.85054        [-0.8315, -0.9674, -0.8657]   [-0.8704, -1.0385, 1.99151]   [40, 63, 97, 152, 52, 91]     
51     20607     1.2996         -0.59207       0.04965        2.4780         [-1.7786, 0.39575, 2.00327]   [0.14882, -0.551, 1.26986]    [59, 90, 111, 177, 89, 155]   
52     17684     2.26074        -0.18291       1.19345        -0.9593        [0.26396, 0.63903, -0.4516]   [-0.5297, 0.63291, 0.8749]    [35, 66, 119, 156, 89, 138]   
53     4024      -1.0493        -0.60735       0.41813        -1.5417        [-1.0251, 0.32597, 0.80514]   [0.27373, -0.0759, 1.68247]   [29, 52, 143, 158, 65, 99]    
54     5326      0.20218        -0.52796       -2.0712        0.52616        [-0.4502, -0.3487, -0.1056]   [-0.8617, 0.47313, -0.1388]   [26, 55, 129, 147, 71, 106]   
55     32742     2.65213        -0.65624       0.27956        -0.6077        [0.72981, -0.8871, 0.07732]   [0.07341, 0.41602, -1.8792]   [23, 89, 89, 138, 74, 158]    
56     15510     0.57545        0.102062       1.18430        -0.7948        [-0.1259, -0.9603, -0.843]    [0.62834, 0.53721, -0.1403]   [25, 72, 130, 152, 24, 73]    
57     1936      0.14164        0.311968       0.76908        0.584285       [1.78859, -0.0246, 1.49028]   [-0.3210, 0.56080, 0.27078]   [22, 41, 117, 133, 50, 75]    
58     2724      0.76666        0.033348       1.76057        -2.03358       [0.86023, 0.69816, 0.76821]   [1.75179, 1.32607, -1.4049]   [20, 44, 90, 116, 59, 88]     
59     2520      1203           1.125136       -0.4410        0.220224       [0.44811, -0.8450, -1.37]     [0.1555, 0.14450, -0.5759]    [23, 42, 118, 131, 36, 64]    
60     9722      -0.912         0.005986       -0.3003        -0.0570        [1.84803, 0.58337, 1.33818]   [-0.6216, 1.60465, -0.0214]   [17, 46, 87, 119, 44, 76]     
61     8328      0.13288        0.061526       0.36731        -1.5476        [0.00138, 0.68104, 1.42840]   [0.45234, -0.6654, -1.3784]   [20, 52, 66, 89, 59, 87]      
62     2015      0.33179        -1.80752       -0.1364        0.534656       [0.10458, -0.2607, -1.8954]   [-0.0462, 1.05877, -0.2456]   [31, 51, 118, 131, 25, 43]    
63     6939      -0.4146        0.404397       0.70342        0.88882        [-0.8708, -0.4858, 0.30274]   [0.99954, 1.40671, -0.6049]   [21, 47, 86, 120, 30, 58]     
64     6094      0.89417        1.326865       0.28659        -0.2176        [-0.9731, 1.0798, -0.0070]    [1.4581, 1.78907, -1.3325]    [23, 46, 63, 88, 43, 69]      
65     21076     -0.4678        -0.10298       -1.0464        -0.8167        [1.51798, -0.6177, 0.26285]   [-1.9004, -0.6660, -0.7937]   [22, 88, 76, 121, 83, 157]    
66     9458      -0.8092        -0.12786       -0.1354        -1.4788        [-0.4929, 0.79494, -1.0922]   [2.08651, 1.31665, -0.4664]   [47, 82, 68, 89, 108, 148]    
67     4510      -2.1373        -2.15491       -0.7503        -0.7280        [-0.9489, 1.75380, 0.9752]    [0.91379, -0.7063, 0.84539]   [24, 52, 91, 105, 91, 126]    
68     7282      -0.0014        0.113288       0.46810        2.84778        [-1.4402, -0.1697, -1.8053]   [0.60802, 0.21820, 2.1754]    [23, 57, 80, 92, 77, 127]     
69     8553      0.57704        -1.4731        -1.2467        1.78606        [-2.3065, 0.99213, -0.9156]   [-0.2438, 0.03481, -1.2067]   [25, 58, 67, 83, 83, 128]     
70     29104     -0.7822        -0.08255       1.72933        0.658276       [-0.7931, -0.0175, -0.8005]   [0.16103, -1.0360, -0.3404]   [32, 82, 40, 72, 81, 144]     
71     14643     1.77556        -1.25453       0.78621        -0.2788        [0.69345, -0.1319, -0.0402]   [0.03367, 1.40686, 1.05533]   [29, 62, 37, 68, 52, 88]      
72     5453      0.21109        1.446393       1.19229        1.11955        [1.23112, -1.3231, 1.71518]   [-1.173, -0.1135, 0.7045]     [64, 87, 38, 70, 70, 90]      
73     2970      -2.0869        0.076646       1.06367        0.23040        [0.8008, -0.5181, -1.5443]    [0.1098, -1.1951, -0.2891]    [77, 88, 156, 179, 42, 69]    
74     6576      -0.8645        0.227022       -0.8240        -0.43044       [2.28141, -0.0082, -0.1913]   [1.26051, 0.49889, 1.41000]   [76, 89, 110, 133, 115, 154]  
75     3687      0.41530        0.391957       -0.2223        1.43540        [0.33472, 0.01876, 2.10073]   [-2.0747, -0.6264, 0.85508]   [77, 91, 134, 157, 45, 72]    
76     10783     -0.8143        -0.69289       0.61531        0.06980        [0.71419, -0.6210, 0.0066]    [-0.5005, -0.9927, -0.9868]   [74, 90, 130, 178, 60, 129]   
77     9528      0.75906        -2.31260       -0.3231        -1.0739        [0.30986, -0.3104, 0.63588]   [0.42738, -1.8129, 0.52038]   [76, 91, 109, 169, 63, 121]   
78     8161      -0.3914        0.012355       -0.2863        0.4893         [2.27565, -0.1105, 2.2547]    [-0.611, -0.3309, 1.24196]    [69, 90, 72, 111, 67, 122]    
79     21317     0.16210        0.710566       0.36700        1.666730       [-1.3632, -0.9821, 0.40861]   [2.77705, -0.6145, 0.55405]   [64, 88, 43, 89, 74, 148]     
80     5096      1.86902        0.990264       2.30156        -1.5931        [-1.1062, -1.9953, -0.5204]   [0.27264, -0.8414, 0.30068]   [68, 87, 36, 63, 86, 119]     
81     10826     0.29613        -0.70743       0.50065        -0.6296        [-0.8206, 1.09399, 1.91047]   [0.93278, -0.5315, 0.55452]   [35, 81, 132, 159, 45, 75]    
82     5833      0.97254        0.530842       -0.1949        -2.6476        [0.71749, 0.02327, 0.09789]   [-0.6133, -2.150, -0.1410]    [53, 82, 102, 133, 29, 53]    
83     2639      1.13590        0.716332       -0.5745        0.05021        [-0.3735, -2.0139, 0.16823]   [1.48346, 1.90611, -0.2173]   [55, 78, 87, 104, 42, 68]     
84     13241     0.58437        -1.83784       -1.1983        0.40265        [0.48410, -1.5338, -0.874]    [-0.7963, 0.74314, -0.2590]   [54, 87, 36, 89, 52, 80]      
85     1972      0.04178        1.099241       0.53462        -1.01008       [0.06722, -1.07, 0.12605]     [1.1751, 0.86744, 0.69906]    [48, 68, 118, 131, 22, 41]    
86     5505      0.47450        0.959074       0.28223        0.75955        [0.154, 0.53207, 0.2549]      [0.99271, 1.06991, -0.5312]   [44, 67, 86, 119, 27, 58]     
87     6745      -1.033         -0.1870        1.89601        0.680776       [-2.3157, 0.73367, -0.9462]   [0.09817, -1.525, -2.3451]    [38, 68, 63, 88, 44, 66]      
88     6783      1.70054        1.004269       1.56557        0.61528        [-1.4645, 2.08249, -2.8015]   [-0.1286, -0.6538, -0.6938]   [40, 75, 36, 66, 52, 70]      
89     2494      -2.2873        -1.46686       -0.4020        1.41893        [-0.9464, 0.49131, 0.53678]   [0.938, -0.5812, 1.19575]     [36, 58, 133, 151, 67, 88]    
90     6955      -1.1329        0.650963       -0.7117        -0.7710        [-0.5992, -1.5401, -0.9442]   [0.34242, 0.68143, -0.1249]   [24, 55, 104, 135, 69, 93]    
91     3679      1.01572        -1.5281        -0.0661        0.73156        [0.84253, 0.00080, 2.24287]   [0.21872, -1.142, 0.29772]    [27, 59, 89, 105, 85, 104]    
92     3228      -1.5009        1.02454        -0.3220        -0.4172        [0.28328, -0.1169, -2.0203]   [-2.2410, -0.3287, 0.21668]   [26, 50, 101, 132, 49, 77]    
93     2064      0.54838        -0.2692        -0.8390        0.10634        [-0.8508, 0.02095, -1.535]    [-0.3310, -1.9004, 1.85956]   [30, 56, 97, 119, 70, 87]     
94     2905      -0.4674        0.965317       -0.4696        -0.033         [0.10621, -0.8038, -0.4721]   [-0.3882, 0.62251, -0.7744]   [24, 59, 88, 119, 74, 95]     
95     1149      0.36396        0.652260       -0.729         0.09578        [0.59451, 0.54779, 0.3150]    [1.58856, -0.9621, 1.99920]   [66, 87, 38, 69, 76, 93]      
96     19257     -0.9989        -0.65669       0.63649        2.25837        [-0.9026, -1.5155, 0.02137]   [-0.5027, 1.98276, 0.3941]    [48, 88, 22, 42, 53, 115]     
97     182976    -0.6981        0.833506       0.71161        -1.5171        [2.81908, 0.56001, -0.0184]   [-0.1278, 1.91798, 0.33935]   [88, 150, 32, 185, 36, 153]   
98     12064     0.23229        -1.80383       -0.6369        -1.6727        [0.20885, 0.533, -3.2530]     [-0.1307, -1.7603, 0.49777]   [92, 122, 65, 156, 66, 99]    
99     8276      0.4104         -1.12497       0.01001        0.30158        [0.23438, 2.05200, 0.35075]   [-1.3369, 0.06334, 0.15072]   [91, 112, 88, 124, 65, 90]    
100    4681      -0.0702        -0.24268       0.98363        1.96344        [1.49944, -0.6943, -0.6508]   [0.64784, 0.30008, 2.08847]   [97, 113, 103, 150, 64, 97]   
101    5493      0.56332        -0.82961       -1.4671        0.20822        [1.75099, -0.7937, 0.01720]   [0.17541, -0.6220, 1.07912]   [105, 123, 103, 144, 60, 85]  
102    1643      1.2638         0.043613       -1.8622        -0.4803        [-0.0594, 0.08757, -0.024]    [0.12122, -0.7163, -0.0374]   [103, 117, 106, 131, 65, 79]  
103    43457     0.78067        -0.6565        0.60706        0.55728        [0.99761, -0.2965, -1.8799]   [0.46471, 1.69461, 1.57588]   [67, 110, 74, 117, 5, 72]     
104    5106      0.95590        1.732050       -0.3245        0.94786        [-0.6036, -0.4768, 0.46168]   [-0.3173, -0.9020, 0.81412]   [97, 125, 83, 124, 43, 75]    
105    2477      0.21534        1.430315       -1.3236        -0.42071       [-0.5172, -0.2326, 0.72134]   [-1.1592, 1.07083, -0.4989]   [101, 122, 110, 128, 43, 63]  
106    757       1.15825        1.501055       1.84296        -1.0132        [-0.3764, 0.74762, 0.94363]   [-0.4255, 0.80577, 0.05685]   [97, 108, 130, 144, 59, 70]   
107    181019    -0.5513        -0.60418       1.23496        -0.1031        [-0.3688, 1.89256, 0.18734]   [-1.2343, 0.1051, -0.2218]    [26, 92, 35, 185, 35, 148]    
108    9200      -0.3398        0.309657       -2.2653        0.23496        [-0.9972, 0.53044, 0.57039]   [-2.6851, 0.48954, 0.64186]   [57, 92, 72, 155, 68, 100]    
109    9696      0.23303        -0.76063       1.24365        0.85027        [-0.9541, 0.13331, 1.39589]   [1.14883, 1.08959, -0.1406]   [67, 92, 89, 124, 67, 92]     
110    5456      1.18391        1.555201       2.0489         0.68593        [0.44069, 0.54805, -0.0852]   [0.03145, 0.01899, -0.499]    [70, 87, 102, 151, 66, 99]    
111    6862      -0.0061        -0.15963       0.45039        -0.1204        [0.38556, 0.45609, 0.28373]   [2.36560, 0.98268, -1.5822]   [56, 78, 104, 145, 60, 87]    
112    2195      -1.2685        0.943203       1.09601        -0.296         [0.22837, -0.0451, -0.1699]   [0.76955, -0.9885, -0.7158]   [62, 80, 108, 133, 66, 80]    
113    6147      0.68835        -0.72300       0.03224        0.3363         [-2.00, 0.71310, -0.002]      [1.89476, 2.49894, -1.5316]   [51, 80, 86, 123, 42, 77]     
114    3205      0.02923        -0.4440        -0.122         -1.0939        [-1.1213, -1.9573, -0.6793]   [0.4776, 0.40015, 2.71738]    [57, 80, 110, 130, 42, 63]    
115    789       1.44854        -1.0405        -0.1578        1.43828        [0.73210, 0.22600, -1.102]    [-0.1299, -2.2857, 1.4122]    [76, 87, 130, 146, 60, 71]    
Label  Volume(voxels)SurfArea(mm^2) Eccentricity   Elongation     Orientation    Centroid                      Axes Length                   Bounding Box                  
1      51165     0.69880        0.629873       -0.2360        -1.2483        [-0.1045, 0.69589, 1.57603]   [-0.4411, -1.5053, 0.59968]   [89, 143, 156, 197, 42, 128]  
2      10021     0.99356        -0.04286       0.64221        1.84703        [-0.3709, 0.62476, 0.4936]    [0.69209, 0.24500, 1.05035]   [117, 135, 97, 150, 54, 90]   
3      24718     -0.0970        -1.57581       0.32101        0.39062        [-0.0860, -0.3764, 0.27536]   [-1.4698, 1.32687, -0.2894]   [90, 120, 108, 179, 87, 152]  
4      21968     -0.2907        -0.33997       -1.4022        0.32638        [0.20341, 0.98649, 0.15888]   [0.24748, 1.92955, -0.2512]   [112, 146, 116, 159, 86, 137] 
5      4362      0.1664         -0.55810       -0.3600        -0.0362        [-1.4836, -0.2362, 0.53206]   [1.12236, 0.59121, 1.97029]   [121, 149, 143, 159, 66, 96]  
6      5724      0.73109        -0.57792       -0.1637        1.008812       [1.7957, 1.2472, 0.62637]     [1.56832, 0.4905, 0.46405]    [123, 150, 126, 145, 68, 101] 
7      34355     1.00089        0.147800       -0.3869        -1.33063       [-0.8034, 0.26304, -0.1678]   [1.80645, -0.8576, -2.1553]   [90, 154, 85, 133, 70, 155]   
8      16523     -1.3067        -0.66431       -0.9796        -0.49158       [0.22054, -0.2862, -0.4464]   [0.21233, -0.3974, 0.70633]   [104, 152, 124, 148, 22, 71]  
9      2170      0.06541        -0.2273        0.48905        -0.8675        [-0.4650, -1.0227, -0.3700]   [-0.6568, -0.1065, -1.0788]   [137, 155, 112, 129, 51, 75]  
10     2623      -1.1568        1.638451       2.23876        1.56393        [0.14080, -2.0175, 0.91905]   [-0.0441, -0.4168, 0.52212]   [138, 158, 83, 111, 64, 86]   
11     3468      0.56134        1.562431       2.08882        0.330          [-0.6303, 0.19424, -1.3238]   [-0.3660, -1.0611, 0.93892]   [136, 157, 113, 128, 37, 65]  
12     9467      1.27464        -0.25197       0.4887         0.39065        [0.79353, -0.0389, 1.08584]   [-0.5254, 1.05073, 1.22260]   [135, 160, 81, 116, 40, 75]   
13     5973      -0.0333        0.453017       0.09278        0.598284       [0.67638, 0.26047, -0.2240]   [0.82500, 0.46231, 2.38276]   [131, 157, 62, 83, 57, 82]    
14     2457      -1.0770        1.946349       0.4191         0.80529        [-0.6149, -0.4017, 0.36311]   [0.03115, -1.3795, 0.08052]   [127, 151, 113, 127, 27, 45]  
15     7231      0.08864        -0.45764       1.03111        1.2229         [-0.814, -0.3014, -0.5559]    [0.17986, 1.03030, 0.443]     [131, 155, 81, 115, 32, 58]   
16     5097      -0.1649        -0.50694       1.52492        1.306188       [0.49403, -1.2096, 0.98607]   [0.14710, -0.9741, 1.41398]   [128, 153, 62, 83, 43, 66]    
17     26094     0.54187        -1.34188       -0.2515        -0.14495       [-0.5306, 0.62941, 1.05134]   [-0.3654, 2.03260, 0.26763]   [92, 157, 72, 119, 82, 152]   
18     10552     1.81801        0.480225       1.03928        1.457875       [-0.5761, 1.11740, -0.8213]   [-0.0352, 0.12390, 0.8579]    [99, 136, 65, 87, 105, 144]   
19     6299      -1.7309        0.185582       -0.0197        -1.62149       [-1.7292, -0.2748, -1.5011]   [0.30339, -1.0782, -0.4387]   [125, 155, 83, 102, 88, 125]  
20     7526      -0.6078        0.238707       0.41489        -2.0956        [-2.1056, 0.78802, -1.031]    [0.44173, 0.3502, 0.18474]    [120, 155, 72, 85, 77, 126]   
21     6739      0.05139        0.426512       -1.1594        0.13023        [0.42597, 0.79472, 0.68019]   [-0.1818, 0.19901, 0.20878]   [122, 153, 63, 76, 80, 124]   
22     34411     -0.7131        0.139409       0.22999        -0.3825        [0.13493, 1.17048, -0.569]    [2.36061, 0.16363, 0.63123]   [95, 149, 36, 69, 75, 142]    
23     14580     1.00404        0.337558       -0.6197        -0.16530       [0.68634, 0.47887, -2.7199]   [1.70091, -0.2943, -0.6326]   [114, 149, 35, 65, 50, 85]    
24     4891      0.59065        -0.74626       0.48451        -0.8912        [-0.0750, -0.0089, 0.9590]    [0.66256, -0.2941, -2.0963]   [88, 111, 36, 65, 66, 88]     
25     3853      -0.7863        0.430062       0.74861        -1.0353        [0.14139, -0.266, 1.47357]    [1.23511, 0.42251, -1.9621]   [89, 102, 152, 179, 39, 68]   
26     5873      -0.2140        -0.41842       0.05502        -1.44074       [1.18387, 1.5657, -0.2189]    [-0.2507, -0.4045, -0.0023]   [90, 102, 108, 131, 112, 149] 
27     4252      1909           0.60063        1.53457        0.0504         [0.0044, 1.40604, -1.1693]    [0.9991, 1.00626, 0.65683]    [89, 102, 131, 157, 43, 72]   
28     11557     -0.6176        0.620002       0.58980        1.74031        [-0.1694, 0.66827, -1.1084]   [0.25495, -0.0292, -0.5931]   [89, 104, 128, 180, 56, 126]  
29     8445      -0.323         1.919382       0.49688        0.11860        [-1.1039, -0.4970, 0.31294]   [0.22616, 1.46310, 0.02526]   [89, 102, 107, 170, 61, 118]  
30     7187      -0.1387        -0.0169        0.09704        -0.0618        [0.1676, 0.65390, 1.30242]    [-0.4101, -1.3310, 0.61735]   [89, 106, 70, 108, 67, 117]   
31     19084     1.56918        -0.08208       0.68188        -0.7257        [0.2043, -0.443, -0.3160]     [-0.6113, -0.4069, -0.3691]   [89, 110, 41, 87, 71, 142]    
32     4437      0.1806         0.135074       0.9686         -0.09431       [-0.9476, -0.2342, -1.0913]   [0.99717, 1.08648, -1.2990]   [89, 110, 36, 59, 82, 112]    
33     10634     -1.3042        1.182555       -0.4295        0.082418       [-2.1395, 1.24686, 1.80531]   [0.31688, -0.9715, 1.64676]   [97, 140, 131, 159, 44, 75]   
34     4877      0.14639        -0.24242       2.02399        -0.9156        [0.64647, -1.1999, 0.78379]   [-0.5379, -1.217, 2.01285]    [97, 125, 102, 129, 30, 54]   
35     2604      0.09853        -0.9425        -1.525         -0.75117       [1.15316, -0.092, -1.111]     [1.5533, -1.0275, -0.0717]    [100, 124, 84, 103, 43, 68]   
36     11533     0.44552        -0.1218        0.19084        -2.2721        [-2.9144, 0.39093, -1.1657]   [0.81185, -0.9628, -1.5679]   [87, 120, 35, 86, 50, 80]     
37     2221      -0.1519        -0.43238       -0.0357        1.51281        [-0.7759, -0.2717, 1.01964]   [-0.4352, -1.0154, 0.18591]   [110, 129, 113, 126, 22, 44]  
38     6154      0.56315        -2.418         -0.716         0.57504        [0.48073, 0.37011, -0.1624]   [-1.3025, -0.1921, 1.660]     [111, 136, 81, 115, 29, 61]   
39     4667      0.86871        -2.01516       -0.9969        -1.0342        [0.8795, 0.71250, 1.77218]    [1.24612, -1.1636, 0.06157]   [107, 138, 63, 83, 45, 63]    
40     6767      -0.5764        -1.59293       0.71568        0.924851       [-0.3661, 1.52162, 1.29795]   [-0.2535, -0.3824, 0.97307]   [97, 136, 36, 65, 48, 65]     
41     2278      1.06971        -0.54441       -0.06          0.89381        [1.83791, 0.58467, 1.60454]   [0.56661, -0.77, 1.08488]     [119, 138, 131, 152, 66, 85]  
42     7474      2.24198        -0.92475       1.12888        -1.1287        [-0.7247, 0.62357, 1.43796]   [0.27414, -0.5044, 1.10667]   [122, 154, 100, 133, 66, 94]  
43     4231      0.69330        0.367372       -1.5407        0.11761        [-0.8057, -1.5692, -0.2997]   [1.92627, 0.8178, 0.0405]     [121, 152, 84, 101, 82, 99]   
44     2941      0.05899        -0.04788       0.39856        -0.2668        [-1.064, -0.6224, 0.62962]    [0.48257, -1.0729, -0.1205]   [127, 150, 100, 128, 51, 76]  
45     2498      0.59379        -0.79654       1.6330         -0.89111       [-0.3646, 1.6819, -0.4081]    [-1.4782, -0.8105, -0.7057]   [121, 147, 95, 115, 70, 86]   
46     4000      0.90543        0.288755       -0.1454        -0.07407       [0.17425, 1.33282, -0.3858]   [-0.7820, -0.2846, -0.3940]   [121, 155, 81, 115, 72, 91]   
47     799       0.30738        -0.3806        -0.3190        -0.707         [-0.7443, -0.4786, 0.26776]   [0.63766, 0.26107, -1.4624]   [88, 111, 37, 65, 75, 90]     
48     22326     1.16551        2.854424       -0.2941        -1.0428        [0.22906, 1.16568, -0.4748]   [0.71422, 0.03185, 1.30973]   [87, 130, 17, 39, 48, 109]    
49     59194     0.54281        0.371795       -1.5795        -0.3959        [0.35412, 2.26233, 0.82368]   [0.49477, -1.1310, -0.2018]   [34, 90, 153, 198, 42, 130]   
50     9212      -2.0399        -1.54340       -1.0498        -0.8491        [-0.4947, -1.1274, 0.09131]   [-1.2215, 0.68518, -0.824]    [44, 64, 98, 151, 52, 90]     
51     23788     -0.1968        -0.29067       -0.887         0.51763        [-0.7910, 0.37130, -0.5816]   [-0.0081, -0.577, 1.63484]    [60, 90, 108, 179, 87, 153]   
52     19202     0.89524        2.73084        -1.3746        1.76787        [0.41025, 0.62293, 0.01105]   [0.07186, -0.3025, 0.94336]   [34, 67, 118, 157, 88, 136]   
53     3858      -0.0144        0.803050       0.32691        1.91095        [0.36507, 1.20871, -0.3232]   [-0.6835, 0.32261, -0.1141]   [31, 53, 141, 156, 66, 97]    
54     4742      -0.1201        -0.30957       -0.4355        1.8087066      [-0.8117, 0.25308, -2.0931]   [0.84154, 0.51448, 1.00738]   [29, 55, 128, 147, 70, 104]   
55     35061     -0.6618        -1.55664       -0.3254        2.40277        [-0.1224, 0.36362, -0.2825]   [0.86637, -0.9900, 0.10419]   [26, 92, 88, 137, 73, 155]    
56     14086     0.26351        1.275931       1.70876        -2.2415        [-0.2389, -1.5220, -0.7333]   [0.66702, 1.15507, 1.23727]   [29, 75, 125, 148, 28, 72]    
57     2001      -1.8809        -1.34403       -1.2869        -0.78300       [-0.029, 0.4711, -0.0546]     [-0.4033, 1.24534, -0.9768]   [24, 43, 116, 130, 50, 74]    
58     2611      -0.2792        -1.19214       -0.5456        0.624117       [-1.8421, -0.6653, -0.6146]   [-0.4268, -0.0089, -0.4868]   [22, 45, 90, 115, 59, 87]     
59     2983      -0.650         -0.09798       -0.1678        -1.60434       [-1.7791, -0.5725, 0.69994]   [-0.1967, -0.7464, 0.93774]   [23, 44, 117, 129, 36, 63]    
60     9428      -2.6254        0.746164       0.67411        1.01426        [-0.0807, -0.2216, -0.6463]   [1.37408, -0.912, 0.47971]    [19, 46, 86, 117, 41, 75]     
61     7482      0.74236        0.231547       -0.9069        2.48194        [0.22661, -0.1379, -0.5415]   [-0.8045, 0.93062, 1.54306]   [22, 50, 66, 89, 58, 86]      
62     2117      1.38178        -0.16666       -1.6585        -0.55434       [0.50668, 0.15247, -0.3723]   [-1.1170, -0.4278, 0.93918]   [33, 53, 115, 128, 25, 42]    
63     7362      -0.9207        -0.44263       0.68065        -1.0361        [-1.7511, 0.53414, 0.69983]   [0.21283, -1.4431, -0.125]    [24, 49, 86, 117, 29, 58]     
64     5429      1.57635        -1.43653       0.27732        -0.5646        [0.21023, -1.2128, -1.6837]   [0.54893, 0.13308, 0.23336]   [24, 47, 65, 88, 43, 67]      
65     23875     -1.4844        0.431884       1.26785        -0.5403        [0.33649, -0.5004, 0.89058]   [-0.8264, -0.1252, 0.85691]   [24, 92, 75, 121, 82, 153]    
66     10996     0.46182        -0.94934       -0.0388        2.37239        [-0.0989, 2.26785, -0.403]    [-0.5936, 0.32667, 1.1801]    [47, 85, 66, 88, 106, 145]    
67     5241      -0.927         -0.27271       1.83277        -0.2472        [1.21029, 2.07052, -1.989]    [0.09152, -2.376, -1.818]     [25, 52, 88, 105, 91, 126]    
68     7846      -0.2320        1.256811       -0.6223        1.48988        [-0.0753, 0.28733, -0.0102]   [1.15181, -0.0804, 1.26767]   [23, 56, 78, 91, 77, 127]     
69     9903      -0.866         -0.86033       -0.1738        -1.1408        [-1.1271, 0.58429, 0.21154]   [-1.0301, 1.18575, -0.5658]   [25, 57, 66, 82, 81, 127]     
70     34598     0.24915        -1.1787        -0.4734        1.064339       [1.2675, -1.0783, -0.4960]    [-0.463, -0.6046, 0.8206]     [31, 85, 37, 70, 79, 141]     
71     14420     -0.3809        1.316157       -1.6340        0.47767        [0.97941, -0.8139, -0.3134]   [-1.141, -0.7824, -1.0150]    [30, 63, 37, 69, 51, 86]      
72     5699      1.07154        -0.85186       1.7285         1.17127        [-0.6149, -0.1832, -1.3350]   [-1.7472, 0.8160, 0.47623]    [64, 88, 37, 69, 68, 88]      
73     3094      0.23507        1.428692       0.04341        -0.1268        [0.0345, 1.18481, -1.30]      [-0.1868, 1.96932, 0.15006]   [78, 90, 152, 178, 39, 68]    
74     5716      -0.524         1.784666       0.03190        1.121287       [-0.365, 0.77984, -0.4126]    [0.52117, 0.94315, -1.218]    [78, 91, 108, 131, 113, 150]  
75     3174      -0.6661        0.472427       0.66129        -0.362         [0.87680, 1.69405, -0.37]     [-0.9199, 0.39711, -0.0720]   [77, 89, 131, 157, 44, 72]    
76     10716     0.20531        1.132064       -0.3000        0.94586        [0.96857, -0.5777, -1.6328]   [-1.7430, 1.40798, 3.13202]   [75, 91, 128, 180, 57, 126]   
77     8916      0.46381        0.554494       0.79921        -0.2535        [0.08769, -0.6609, 0.54957]   [0.77193, 0.69192, -1.1100]   [76, 90, 108, 170, 61, 118]   
78     7803      1.33205        0.64878        -0.0006        0.12880        [-1.1781, -0.0741, -0.0462]   [1.25691, 0.0560, -0.1257]    [68, 90, 72, 110, 68, 119]    
79     21371     6155           0.049379       0.05046        -0.6025        [0.43432, -0.7515, -0.3745]   [-1.5753, 0.30461, 0.07751]   [63, 91, 43, 89, 74, 144]     
80     5230      -1.0060        -0.44406       1.16114        -0.2690        [-1.6630, 1.63612, 1.32005]   [-0.0890, -0.5004, -0.9356]   [68, 89, 36, 63, 83, 115]     
81     9827      -0.1194        -0.08780       -1.4780        0.12524        [0.19583, 0.88675, 0.01392]   [-2.09, -0.3855, -1.4089]     [38, 82, 130, 156, 44, 74]    
82     4886      0.0764         -0.41249       0.48278        0.666029       [0.10490, -1.5635, 0.95864]   [-1.5419, -0.3180, -1.4227]   [55, 83, 103, 129, 32, 53]    
83     2348      -0.169         1.461577       0.74998        0.33823        [-0.3151, 0.47143, -1.7452]   [-1.2782, 0.75630, -0.4291]   [55, 77, 89, 103, 42, 68]     
84     12643     1.28218        -1.32798       1.38503        0.29538        [0.68909, 0.33076, 3.01275]   [-1.0985, -0.7721, -0.7137]   [54, 88, 35, 90, 52, 79]      
85     1796      1.71423        0.484829       0.04077        -1.67626       [0.88836, 0.95617, 1.84819]   [-0.2840, -0.794, 0.11129]    [50, 70, 115, 126, 25, 42]    
86     5053      -0.2846        -1.17070       1.12431        1.97383        [0.78360, -0.2432, -0.7280]   [0.33301, -1.1086, 0.66659]   [46, 69, 87, 116, 28, 59]     
87     6164      -0.2353        -0.69545       0.34177        -0.03319       [-0.3999, 0.68122, -0.6177]   [-0.9811, -1.6712, 2.82178]   [41, 69, 66, 89, 44, 65]      
88     6441      -1.0786        0.420403       1.20280        -1.832         [-0.4888, 1.15476, -0.2850]   [1.16275, -0.1351, 0.29376]   [45, 77, 38, 67, 51, 69]      
89     2135      1.44545        -1.24356       -1.8130        1.037060       [2.09592, -0.2001, 0.14115]   [-0.588, 0.7876, 0.66124]     [39, 59, 132, 150, 66, 86]    
90     6093      0.59264        -1.20211       -0.4591        0.26205        [1.39095, -0.9481, -1.9317]   [0.7160, 0.70414, -0.2680]    [26, 56, 104, 134, 68, 92]    
91     3507      -1.068         -2.84493       -0.0583        0.316529       [-0.6837, -0.2125, -1.1681]   [-0.4070, -0.3338, -0.9301]   [28, 57, 89, 106, 84, 103]    
92     2682      -0.4854        -0.86061       0.88432        0.49117        [-1.0178, -1.3524, 0.87792]   [0.72880, -0.3647, -1.1992]   [29, 51, 102, 130, 50, 76]    
93     1896      -1.4664        -0.68974       -0.0974        -0.4537        [0.64454, -0.5106, -0.3577]   [2.1929, -0.5648, 0.29441]    [33, 55, 98, 119, 69, 86]     
94     2768      -0.8054        1.027627       -0.913         0.00624        [0.04525, 1.35997, -1.0853]   [-0.172, -1.4136, 1.29097]    [24, 57, 89, 118, 73, 94]     
95     1223      1.09735        0.763920       -1.154         1.25340        [0.36288, 1.59302, 0.21676]   [1.10020, -0.2581, 0.36889]   [65, 89, 37, 69, 74, 90]      
96     19575     -0.1779        -0.72254       0.71786        0.823981       [-2.9848, -2.4001, 1.79760]   [1.50895, 0.1876, 0.00364]    [49, 89, 19, 41, 52, 112]     
97     180222    1.24808        -0.06861       1.64459        1.03708        [0.77145, -0.5304, 0.77950]   [-1.148, 0.71451, -0.0450]    [88, 149, 31, 187, 36, 148]   
98     11097     -1.1918        -1.16892       0.14328        -0.3661        [0.50218, 0.27582, -0.9560]   [-0.1538, 0.65627, 0.24048]   [90, 121, 63, 154, 67, 100]   
99     8834      -0.0809        1.035722       1.17968        0.81997        [-1.1432, -0.2569, 0.39555]   [-1.7618, 0.47941, -0.2989]   [89, 112, 88, 124, 66, 91]    
100    4622      1.63894        0.605220       0.12147        0.43596        [-0.6326, 0.7725, 1.85691]    [2.00213, 0.13705, -0.4461]   [94, 109, 103, 150, 64, 97]   
101    5364      1.40941        0.000480       0.10794        -0.7383        [1.23227, -2.1737, -2.0210]   [-0.6511, -0.1406, -0.9332]   [102, 121, 103, 143, 61, 85]  
102    1750      -0.8230        0.428549       1.70970        -1.5555        [0.59137, 0.36120, 1.3479]    [-0.9770, -1.0699, -0.6985]   [100, 116, 106, 131, 65, 79]  
103    36851     -0.8373        -0.30149       0.68236        -0.498         [-0.4606, 1.20713, -1.2829]   [-0.2801, -0.7854, -1.7407]   [68, 110, 74, 115, 2, 72]     
104    5180      -0.1946        -0.5205        -0.2323        -0.0020        [-1.4505, -0.3193, -0.6872]   [-0.7854, 0.25074, -1.2272]   [98, 125, 83, 121, 43, 75]    
105    2552      -0.5361        -0.73669       0.03766        2.038827       [-0.319, 0.47260, 0.013]      [-1.2417, -1.079, 0.92793]    [100, 121, 109, 126, 44, 63]  
106    770       -0.2137        -0.79590       0.15290        -1.0373        [0.32671, -0.3327, 0.07411]   [-1.6995, 0.20165, 1.48566]   [94, 105, 129, 144, 59, 70]   
107    174940    1.16176        0.094369       -0.5262        -0.3597        [-1.0516, 0.17048, -1.2207]   [-1.1875, -0.1439, 0.51992]   [27, 89, 33, 188, 37, 146]    
108    9707      0.65844        -0.04546       0.50761        0.96912        [-0.6337, -0.4020, -0.9481]   [-0.4627, 1.08402, -1.2714]   [54, 89, 71, 155, 68, 99]     
109    8793      2.02531        -1.40633       0.28105        1.11226        [1.26282, -0.0113, 1.72662]   [-0.0376, 1.49708, 0.63230]   [66, 89, 91, 125, 67, 91]     
110    4826      0.74654        -0.22561       0.38881        0.70729        [0.00770, -1.7193, -0.2591]   [-0.1840, -0.6841, 2.61400]   [70, 84, 101, 151, 65, 98]    
111    5418      -0.3360        -1.5913        0.07143        -1.1327        [-0.0312, 0.37872, -1.6611]   [-1.633, 0.30882, 1.22773]    [57, 77, 105, 144, 59, 86]    
112    1774      -0.1471        -1.01367       0.42237        -0.8993        [-0.7210, 1.65227, 0.01011]   [0.14742, 0.44639, 0.33787]   [62, 78, 109, 133, 65, 79]    
113    5275      -0.6026        0.629671       -0.6165        0.64179        [-1.15, 0.29039, -0.682]      [1.68141, -1.8983, -0.3234]   [52, 81, 87, 121, 43, 76]     
114    2577      -0.0904        1.091604       0.53513        0.53401        [-2.0913, 1.04732, 1.12354]   [1.16181, 0.55710, -0.6707]   [58, 81, 110, 127, 43, 63]    
115    685       -0.4914        -0.93546       0.20190        1.04297        [0.26069, -0.149, 0.66852]    [1.9693, -0.5704, 0.24165]    [75, 85, 130, 145, 59, 70]    
Procss file name: BR-1055
Procss file name: SF-1118
Procss file name: SF-1227
Procss file name: SF-1279
Procss file name: SF-1330
